0,Tokyo,35.6895,139.69171,0
1,Delhi,28.66667,77.21667,0
2,Shanghai,31.22222,121.45806,0
3,São-Paulo,-23.5475,-46.63611,0
4,Mumbai-(Bombay),19.073975,72.880838,0
5,Ciudad-de-México-(Mexico-City),19.427318,-99.141869,0
6,Beijing,39.9075,116.39723,0
7,Kinki-M.M.A.-(Osaka),34.675834,135.553823,0
8,Al-Qahirah-(Cairo),30.039173,31.239411,0
9,New-York-Newark,40.717042,-74.003663,0
10,Dhaka,23.7104,90.40744,0
11,Karachi,24.9056,67.0822,0
12,Buenos-Aires,-34.605083,-58.400368,0
13,Kolkata-(Calcutta),22.533455,88.356045,0
14,Istanbul,41.0138,28.9497,0
15,Chongqing,29.56278,106.55278,0
16,Lagos,6.45306,3.39583,0
17,Manila,14.6042,120.9822,0
18,Rio-de-Janeiro,-22.90278,-43.2075,0
19,Guangzhou--Guangdong,23.125457,113.257374,0
20,Los-Angeles-Long-Beach-Santa-Ana,34.031656,-118.241716,0
21,Moskva-(Moscow),55.754996,37.621849,0
22,Kinshasa,-4.32758,15.31357,0
23,Tianjin,39.108842,117.18862,0
24,Paris,48.85341,2.3488,0
25,Shenzhen,22.541487,114.063427,0
26,Jakarta,-6.211831,106.841646,0
27,London,51.50853,-0.12574,0
28,Bangalore,12.97194,77.59369,0
29,Lima,-12.04318,-77.02824,0
30,Chennai-(Madras),13.053091,80.24875,0
31,Seoul,37.56826,126.97783,0
32,Bogotá,4.60971,-74.08175,0
33,Chukyo-M.M.A.-(Nagoya),35.18147,136.90641,0
34,Johannesburg,-26.20227,28.04363,0
35,Krung-Thep-(Bangkok),13.721964,100.525248,0
36,Hyderabad,17.37528,78.47444,0
37,Chicago,41.85003,-87.65005,0
38,Lahore,31.5497222,74.3436111,0
39,Tehran,35.69439,51.42151,0
40,Wuhan,30.58333,114.26667,0
41,Chengdu,30.66667,104.06667,0
42,Dongguan,23.02116,113.741411,0
43,Nanjing--Jiangsu,32.048183,118.789812,0
44,Ahmadabad,23.03333,72.61667,0
45,Hong-Kong,22.279588,114.188697,0
46,Thành-Pho-Ho-Chí-Minh-(Ho-Chi-Minh-City),10.75,106.66667,0
47,Foshan,23.022778,113.119953,0
48,Kuala-Lumpur,3.1412,101.68653,0
49,Baghdad,33.34058,44.40088,0
50,Santiago,-33.45694,-70.64827,0
51,Hangzhou,30.29365,120.16142,0
52,Ar-Riyadh-(Riyadh),24.690466,46.709566,0
53,Shenyang,41.79222,123.43278,0
54,Madrid,40.4165,-3.70256,0
55,Xi'an--Shaanxi,34.289413,108.940242,0
56,Toronto,43.70011,-79.4163,0
57,Miami,25.789097,-80.204044,0
58,Pune-(Poona),18.516057,73.861578,0
59,Belo-Horizonte,-19.92083,-43.93778,0
60,Dallas-Fort-Worth,32.72541,-97.32085,0
61,Surat,21.16667,72.83333,0
62,Houston,29.7601927,-95.3693896,0
63,Singapore,1.28967,103.85007,0
64,Philadelphia,39.95234,-75.16379,0
65,Kitakyushu-Fukuoka-M.M.A.,33.6064,130.4181,0
66,Luanda,-8.83682,13.23432,0
67,Suzhou--Jiangsu,31.302068,120.585259,0
68,Haerbin,45.756325,126.646688,0
69,Barcelona,41.38879,2.15899,0
70,Atlanta,33.76,-84.4,0
71,Al-Khartum-(Khartoum),15.55177,32.53241,0
72,Dar-es-Salaam,-6.82349,39.26951,0
73,Sankt-Peterburg-(Saint-Petersburg),59.929858,30.326228,0
74,Washington--D.C.,38.89511,-77.03637,0
75,Abidjan,5.345339,-4.026789,0
76,Guadalajara,20.66667,-103.33333,0
77,Yangon,16.80528,96.15611,0
78,Al-Iskandariyah-(Alexandria),31.192471,29.904596,0
79,Ankara,39.91987,32.85427,0
80,Kabul,34.528887,69.17246,0
81,Qingdao,36.09861,120.37194,0
82,Chittagong,22.33306,91.83639,0
83,Monterrey,25.66667,-100.31667,0
84,Sydney,-33.86785,151.20732,0
85,Dalian,38.913811,121.602322,0
86,Xiamen,24.47979,118.08187,0
87,Zhengzhou,34.75778,113.64861,0
88,Boston,42.347919,-71.06453,0
89,Melbourne,-37.814,144.96332,0
90,Brasília,-15.77972,-47.92972,0
91,Jiddah,21.51694,39.21917,0
92,Phoenix-Mesa,33.449454,-112.074743,0
93,Ji'nan--Shandong,36.676721,116.997142,0
94,Montréal,45.50884,-73.58781,0
95,Shantou,23.36814,116.71479,0
96,Nairobi,-1.28333,36.81667,0
97,Medellín,6.25184,-75.56359,0
98,Fortaleza,-3.74117,-38.543575,0
99,Kunming,25.03889,102.71833,0
100,Changchun,43.882494,125.293964,0
101,Changsha,28.227394,112.938269,0
102,Recife,-8.05389,-34.88111,0
103,Roma-(Rome),41.894743,12.481142,0
104,Zhongshan,22.517992,113.383938,0
105,Cape-Town,-33.92584,18.42322,0
106,Detroit,42.387137,-83.102641,0
107,Hà-Noi,21.0245,105.84117,0
108,Tel-Aviv-Yafo-(Tel-Aviv-Jaffa),32.08088,34.78057,0
109,Pôrto-Alegre,-30.03306,-51.23,0
110,Kano,12.00012,8.51672,0
111,Salvador,-12.97111,-38.51083,0
112,Faisalabad,31.4166667,73.0833333,0
113,Berlin,52.52437,13.41053,0
114,Halab-(Aleppo),36.213611,37.157141,0
115,Dakar,14.6937,-17.44406,0
116,Dar-el-Beida-(Casablanca),33.59278,-7.61916,0
117,Ürümqi-(Wulumqi),43.82532,87.603835,0
118,Taiyuan--Shanxi,37.861899,112.551572,0
119,Curitiba,-25.42778,-49.27306,0
120,Jaipur,26.91667,75.81667,0
121,Shizuoka-Hamamatsu-M.M.A.,34.9769,138.3831,0
122,Hefei,31.86389,117.28083,0
123,San-Francisco-Oakland,37.759881,-122.437392,0
124,Fuzhou--Fujian,26.075352,119.298946,0
125,Shijiazhuang,38.041845,114.510846,0
126,Seattle,47.626353,-122.333144,0
127,Addis-Ababa,9.02497,38.74689,0
128,Nanning,22.81667,108.31667,0
129,Lucknow,26.85,80.91667,0
130,Busan,35.10278,129.04028,0
131,Wenzhou,27.99942,120.66682,0
132,Ibadan,7.38778,3.89639,0
133,Ningbo,29.87819,121.54945,0
134,San-Diego,32.71533,-117.15726,0
135,Milano-(Milan),45.55307,9.18344,0
136,Yaoundé,3.86667,11.51667,0
137,Athínai-(Athens),37.95342,23.74897,0
138,Wuxi--Jiangsu,31.536681,120.298556,0
139,Campinas,-22.910942,-47.065587,0
140,Izmir,38.41273,27.13838,0
141,Kanpur,26.46667,80.35,0
142,Mashhad,36.297,59.6062,0
143,Puebla,19.041532,-98.204962,0
144,Sana'a',15.353115,44.20782,0
145,Santo-Domingo,18.489591,-69.901805,0
146,Douala,4.04827,9.70428,0
147,Kyiv-(Kiev),50.445368,30.518634,0
148,Ciudad-de-Guatemala-(Guatemala-City),14.612652,-90.530746,0
149,Caracas,10.48801,-66.87919,0
150,Durban,-29.8579,31.0292,0
151,Lisboa-(Lisbon),38.71686,-9.139867,0
152,Guiyang,26.58333,106.71667,0
153,P'yongyang,39.03385,125.75432,0
154,Surabaya,-7.288838,112.741078,0
155,Minneapolis-St.-Paul,44.97307,-93.269895,0
156,Al-Kuwayt-(Kuwait-City),29.353429,47.982244,0
157,Tangshan--Hebei,39.628484,118.179931,0
158,Ouagadougou,12.36423,-1.53834,0
159,Lanzhou,36.05639,103.79222,0
160,Guayaquil,-2.16667,-79.9,0
161,Incheon,37.45361,126.73167,0
162,Nagpur,21.15,79.1,0
163,Taipei,25.047009,121.54568,0
164,Tampa-St.-Petersburg,27.94752,-82.45843,0
165,Cali,3.43722,-76.5225,0
166,Manchester,53.48095,-2.23743,0
167,Antananarivo,-18.91368,47.53613,0
168,Denver-Aurora,39.734283,-104.983138,0
169,Kumasi,6.68848,-1.62443,0
170,El-Djazaïr--(Algiers),36.7525,3.04197,0
171,Changzhou--Jiangsu,31.794314,119.958917,0
172,Sapporo,43.06417,141.34694,0
173,Dimashq-(Damascus),33.508586,36.308444,0
174,Coimbatore,10.9925,76.96139,0
175,Bandung,-6.919393,107.608456,0
176,Nanchang,28.68333,115.88333,0
177,Bamako,12.65,-8,0
178,Birmingham-(West-Midlands),52.4814,-1.8998,0
179,Rawalpindi,33.6,73.0666667,0
180,Vancouver,49.24966,-123.11934,0
181,Kozhikode-(Calicut),11.25669,75.778724,0
182,San-Juan,18.46633,-66.10572,0
183,Indore,22.71792,75.8333,0
184,Abuja,9.05735,7.48976,0
185,Port-au-Prince,18.53917,-72.335,0
186,Zibo,36.79056,118.06333,0
187,Kochi-(Cochin),9.930693,76.260069,0
188,Dubayy-(Dubai),25.272061,55.311265,0
189,Baku,40.37767,49.89201,0
190,Asunción,-25.30066,-57.63591,0
191,Port-Harcourt,4.77742,7.0134,0
192,Thrissur,10.51667,76.21667,0
193,Huizhou,23.08333,114.4,0
194,Goiânia,-16.67861,-49.25389,0
195,Accra,5.55602,-0.1969,0
196,Las-Vegas,36.169941,-115.13983,0
197,Baltimore,39.29038,-76.61219,0
198,Tashkent,41.26465,69.21627,0
199,Daegu,35.87028,128.59111,0
200,Bayrut-(Beirut),33.9,35.48333,0
201,Malappuram,11.06667,76.06667,0
202,Patna,25.6,85.11667,0
203,Medan,3.58333,98.66667,0
204,Brisbane,-27.46794,153.02809,0
205,Napoli-(Naples),40.850178,14.259213,0
206,Maracaibo,10.63167,-71.64056,0
207,Weifang,36.71,119.10194,0
208,Riverside-San-Bernardino,33.95335,-117.39616,0
209,St.-Louis,38.628612,-90.197197,0
210,Belém,-1.456142,-48.478988,0
211,Lusaka,-15.413374,28.277148,0
212,Hiroshima,34.392823,132.460534,0
213,Toluca-de-Lerdo,19.283896,-99.657254,0
214,Kannur,11.872888,75.371554,0
215,Muqdisho-(Mogadishu),2.041636,45.343492,0
216,La-Habana-(Havana),23.119541,-82.378493,0
217,Gujranwala,32.15,74.1833333,0
218,Yantai,37.465087,121.437152,0
219,Santa-Cruz,-17.79891,-63.169825,0
220,Bhopal,23.26667,77.4,0
221,Sendai,38.256047,140.897639,0
222,Shaoxing,30.011,120.5715,0
223,Pretoria,-25.74486,28.18783,0
224,Bruxelles-Brussel,50.846735,4.349919,0
225,San-Antonio,29.424113,-98.493536,0
226,Manaus,-3.10194,-60.025,0
227,Lubumbashi,-11.66089,27.47938,0
228,Luoyang,34.618562,112.456179,0
229,Mbuji-Mayi,-6.15,23.6,0
230,Portland,45.521525,-122.679933,0
231,Huai'an,33.606953,119.014801,0
232,Tunis,36.81897,10.16579,0
233,Barranquilla,10.96389,-74.79639,0
234,Tijuana,32.53333,-117.01667,0
235,Nantong,31.990413,120.865451,0
236,Vadodara,22.3,73.2,0
237,Rabat,34.01325,-6.83255,0
238,Agra,27.18333,78.01667,0
239,Thiruvananthapuram,8.50694,76.95694,0
240,Baotou,40.65222,109.82222,0
241,Conakry,9.571642,-13.647602,0
242,Kampala,0.31628,32.58219,0
243,Visakhapatnam,17.681874,83.209685,0
244,Bursa,40.19167,29.06111,0
245,Multan,30.1833333,71.4833333,0
246,Sacramento,38.58157,-121.4944,0
247,Xuzhou,34.263685,117.186605,0
248,Minsk,53.9,27.56667,0
249,West-Yorkshire,53.798431,-1.764855,0
250,Haikou,20.027423,110.330071,0
251,Brazzaville,-4.26583,15.28318,0
252,Esfahan,32.65722,51.67761,0
253,Bucuresti-(Bucharest),44.432787,26.104302,0
254,Perth,-31.947841,115.852514,0
255,Hamburg,53.55,10,0
256,Adana,37.00167,35.32889,0
257,La-Paz,-16.5,-68.15,0
258,Samut-Prakan,13.59934,100.59675,0
259,Karaj,35.8355,51.0103,0
260,León-de-los-Aldamas,21.123373,-101.680486,0
261,Hohhot,40.81056,111.65222,0
262,Nashik,19.98333,73.8,0
263,Cleveland,41.498587,-81.687402,0
264,Hyderabad,25.3666667,68.3666667,0
265,Makkah-(Mecca),21.417368,39.815855,0
266,Yangzhou,32.391492,119.423807,0
267,Torino-(Turin),45.068672,7.677218,0
268,Vijayawada,16.51667,80.61667,0
269,Wien-(Vienna),48.206443,16.370725,0
270,Peshawar,34.00195,71.55944,0
271,Valencia,10.16202,-68.00765,0
272,Phnum-Pénh-(Phnom-Penh),11.56245,104.91601,0
273,Orlando,28.53834,-81.37924,0
274,San-Jose,37.33939,-121.89496,0
275,Quito,-0.22985,-78.52495,0
276,Warszawa-(Warsaw),52.22977,21.01178,0
277,Pittsburgh,40.441823,-79.98823,0
278,Ludhiana,30.9,75.85,0
279,Budapest,47.49801,19.03991,0
280,Montevideo,-34.83346,-56.16735,0
281,Linyi--Shandong,35.054142,118.333365,0
282,Al-Mawsil-(Mosul),36.335,43.1188889,0
283,Cincinnati,39.104722,-84.518783,0
284,Austin,30.27,-97.74,0
285,Ciudad-de-Panamá-(Panama-City),8.995816,-79.519572,0
286,Shiraz,29.6036,52.5388,0
287,Taizhou--Zhejiang,28.637219,121.418459,0
288,Indianapolis,39.790942,-86.147685,0
289,Hims-(Homs),34.731809,36.718125,0
290,Grande-Vitória,-20.305424,-40.307915,0
291,Handan,36.60056,114.46778,0
292,Semarang,-6.9932,110.4203,0
293,Davao-City,7.073854,125.612487,0
294,Daqing,46.58333,125,0
295,Liuzhou,24.301725,109.378368,0
296,Charlotte,35.22709,-80.84313,0
297,Lyon,45.74846,4.84671,0
298,Marseille-Aix-en-Provence,43.528414,5.443298,0
299,Kansas-City,39.11417,-94.62746,0
300,Rajkot,22.3,70.78333,0
301,Yinchuan,38.46806,106.27306,0
302,Madurai,9.93333,78.11667,0
303,Jiangmen,22.58333,113.08333,0
304,Tabriz,38.08,46.2919,0
305,Daejon,36.32139,127.41972,0
306,Anshan,41.12361,122.99,0
307,Meerut,28.97155,77.71934,0
308,Zhuhai,22.2769,113.5678,0
309,Varanasi-(Benares),25.316426,82.982198,0
310,Baixada-Santista,-23.957,-46.326609,0
311,Gwangju,35.146111,126.918611,0
312,Xiangyang,32.008764,112.144038,0
313,Datong,40.080522,113.293045,0
314,Gaziantep,37.05944,37.3825,0
315,Kaohsiung,22.625962,120.31546,0
316,Almaty,43.247189,76.910127,0
317,Jilin,43.85083,126.56028,0
318,Córdoba,-31.4135,-64.18105,0
319,Columbus--Ohio,39.962205,-83.000186,0
320,Harare,-17.82935,31.05389,0
321,Novosibirsk,55.0415,82.9346,0
322,Benin-City,6.33504,5.62749,0
323,Makassar-(Ujung-Pandang),-5.144396,119.423639,0
324,Stockholm,59.33258,18.0649,0
325,Virginia-Beach,36.834498,-76.087179,0
326,Palembang,-2.91673,104.7458,0
327,Qiqihaer,47.34083,123.96722,0
328,Jamshedpur,22.8,86.18333,0
329,Kharkiv,49.98081,36.25272,0
330,München-(Munich),48.137076,11.573377,0
331,Putian,25.43944,119.01028,0
332,Grande-São-Luís,-2.538539,-44.283186,0
333,Yancheng--Jiangsu,33.356867,120.155148,0
334,Srinagar,34.083658,74.797363,0
335,Wuhu--Anhui,31.333557,118.381175,0
336,Kollam,8.88056,76.59167,0
337,Milwaukee,43.0389,-87.90647,0
338,Quanzhou,24.896763,118.599688,0
339,Batam,1.119078,104.031275,0
340,Ciudad-Juárez,31.73333,-106.48333,0
341,Jining--Shandong,35.414595,116.584704,0
342,Rosario,-32.94682,-60.63932,0
343,Yekaterinburg,56.8575,60.6125,0
344,Ulaanbaatar,47.90771,106.88324,0
345,Raipur,21.23333,81.63333,0
346,Islamabad,33.70351,73.059373,0
347,Auckland,-36.86667,174.76667,0
348,Aurangabad,19.876619,75.34331,0
349,Calgary,51.044072,-114.059314,0
350,Jabalpur,23.16697,79.95006,0
351,Chaozhou,23.66513,116.63786,0
352,Torreón,25.539231,-103.461434,0
353,Huainan,32.62639,116.99694,0
354,Ottawa-Gatineau,45.416598,-75.697997,0
355,Xining,36.61667,101.76667,0
356,Praha-(Prague),50.08804,14.42076,0
357,Asansol,23.68333,86.98333,0
358,Cixi,30.176116,121.252392,0
359,Hengyang,26.884064,112.62509,0
360,Porto,41.14961,-8.61099,0
361,Fushun--Liaoning,41.880737,123.946698,0
362,Allahabad,25.45,81.85,0
363,Jodhpur,26.239232,73.015787,0
364,Al-Madinah-(Medina),24.463501,39.611106,0
365,Sharjah,25.35731,55.4033,0
366,Edmonton,53.543409,-113.503721,0
367,Huambo,-12.77611,15.73917,0
368,København-(Copenhagen),55.67594,12.56553,0
369,Querétaro,20.6,-100.38333,0
370,Maceió,-9.66583,-35.73528,0
371,Amritsar,31.630953,74.875536,0
372,Monrovia,6.30054,-10.7969,0
373,Yichang,30.71444,111.28472,0
374,Ranchi,23.35,85.33333,0
375,N'Djaména,12.10672,15.0444,0
376,Kigali,-1.947364,30.057897,0
377,Adelaide,-34.92866,138.59863,0
378,Dhanbad,23.8,86.45,0
379,Zürich-(Zurich),47.35785,8.50296,0
380,Cochabamba,-17.3895,-66.1568,0
381,Hamah,35.13179,36.75783,0
382,Tiruppur,11.11541,77.35456,0
383,Sofia,42.69751,23.32415,0
384,Taichung,24.141613,120.67274,0
385,Glasgow,55.86515,-4.25763,0
386,Gwalior,26.22361,78.17917,0
387,Taian--Shandong,36.190371,117.119081,0
388,Joinville,-26.30444,-48.84556,0
389,Ahvaz,31.3203,48.6693,0
390,Bucaramanga,7.12539,-73.1198,0
391,Nizhniy-Novgorod,56.32867,44.00205,0
392,Qom,34.6401,50.8764,0
393,Providence,41.824037,-71.417702,0
394,Konya,37.87135,32.48464,0
395,Maputo,-25.96528,32.58917,0
396,Taizhou--Jiangsu,32.494536,119.902861,0
397,Kathmandu,27.70169,85.3206,0
398,Beograd-(Belgrade),44.817649,20.463309,0
399,Florianópolis,-27.59667,-48.54917,0
400,Helsinki,60.169246,24.940216,0
401,Port-Elizabeth,-33.91799,25.57007,0
402,Can-Tho,10.03333,105.78333,0
403,Fès,34.03715,-4.9998,0
404,Jacksonville--Florida,30.33218,-81.65565,0
405,San-José,9.927817,-84.080685,0
406,Dublin,53.33306,-6.24889,0
407,Kananga,-5.89624,22.41659,0
408,Mandalay,21.97473,96.08359,0
409,Natal,-5.795,-35.20944,0
410,Maracay,10.24694,-67.59583,0
411,Irbil-(Erbil),36.19257,44.01062,0
412,Samara,53.20006,50.15,0
413,Kota,25.16645,75.856095,0
414,Kazan,55.78874,49.12214,0
415,Omsk,55,73.4,0
416,Chelyabinsk,55.15444,61.42972,0
417,Vereeniging,-26.67313,27.92615,0
418,Amman,31.95522,35.94503,0
419,Zhanjiang,21.266159,110.359639,0
420,Tbilisi,41.69411,44.83368,0
421,San-Luis-Potosí,22.15,-100.98333,0
422,Abu-Zaby-(Abu-Dhabi),24.464778,54.361781,0
423,Anyang,36.094436,114.35034,0
424,Raleigh,35.778897,-78.637471,0
425,Chandigarh,30.7343,76.7933,0
426,Marrakech,31.63148,-8.00828,0
427,Durg-Bhilainagar,21.188706,81.280592,0
428,Tarabulus-(Tripoli),32.87519,13.18746,0
429,Tegucigalpa,14.0818,-87.20681,0
430,Pekan-Baru,0.53333,101.45,0
431,Bareilly,28.35,79.41667,0
432,Onitsha,6.14543,6.78845,0
433,Qinhuangdao,39.93167,119.58833,0
434,Quetta,30.199,67.00971,0
435,Denpasar,-8.65,115.21667,0
436,Memphis,35.140814,-90.047458,0
437,Tiruchirappalli,10.805,78.68556,0
438,Baoding,38.85111,115.49028,0
439,Nashville-Davidson,36.160996,-86.783045,0
440,Mombasa,-4.05466,39.66359,0
441,Lianyungang,34.59687,119.175775,0
442,Suweon,37.26349,127.021385,0
443,San-Salvador,13.68935,-89.18718,0
444,Hefa-(Haifa),32.813261,34.991355,0
445,Rostov-na-Donu-(Rostov-on-Don),47.217791,39.703185,0
446,Salt-Lake-City,40.7547,-111.892622,0
447,João-Pessoa,-7.115,-34.86306,0
448,Cartagena,10.39972,-75.51444,0
449,Amsterdam,52.37403,4.88969,0
450,Niamey,13.51366,2.1098,0
451,Zhuzhou,27.83333,113.15,0
452,Mysore,12.29791,76.63925,0
453,Yiwu,29.31506,120.07676,0
454,Bogor,-6.606481,106.801891,0
455,Hai-Phòng,20.86481,106.68345,0
456,Antalya,36.90812,30.69556,0
457,Benxi,41.28861,123.765,0
458,Ufa,54.78517,56.04562,0
459,Mérida,20.96667,-89.61667,0
460,Mianyang--Sichuan,31.483888,104.737019,0
461,Ad-Dammam,26.43442,50.10326,0
462,Rizhao,35.40336,119.511996,0
463,Zhenjiang--Jiangsu,32.202713,119.44894,0
464,Suqian,33.968102,118.292384,0
465,Nanchong,30.79508,106.08474,0
466,Kaduna,10.52224,7.43828,0
467,Yongin,37.235245,127.203292,0
468,Yerevan,40.181998,44.514619,0
469,Guwahati-(Gauhati),26.173547,91.750291,0
470,Guilin,25.28194,110.28639,0
471,Kisangani,0.51667,25.2,0
472,Changwon,35.22806,128.68111,0
473,Barquisimeto,10.07389,-69.32278,0
474,Aligarh,27.88333,78.08333,0
475,Köln-(Cologne),50.93333,6.95,0
476,Jinzhou,41.10778,121.14167,0
477,Mexicali,32.65194,-115.46833,0
478,Louisville,38.24194,-85.763064,0
479,Aguascalientes,21.88333,-102.3,0
480,Nay-Pyi-Taw,19.745,96.12972,0
481,Richmond,37.543207,-77.438159,0
482,Zaozhuang,34.86472,117.55417,0
483,Lille,50.63297,3.05858,0
484,Yingkou,40.66482,122.22833,0
485,Moradabad,28.83333,78.78333,0
486,Volgograd,48.71939,44.50184,0
487,Khulna,22.80978,89.56439,0
488,Hubli-Dharwad,15.458722,75.010582,0
489,Al-Basrah-(Basra),30.49721,47.81491,0
490,Chifeng,42.264602,118.915236,0
491,Nanyang--Henan,32.999941,112.52593,0
492,Odesa,46.47747,30.73262,0
493,Xiangtan--Hunan,27.828265,112.926952,0
494,Mendoza,-32.89084,-68.82717,0
495,Krasnoyarsk,56.00972,92.79167,0
496,Freetown,8.484,-13.22994,0
497,Puning,23.296655,116.164678,0
498,Sulaimaniya,35.5616667,45.4408333,0
499,Salem,11.65,78.16667,0
500,Baoji,34.365118,107.200449,0
501,Bhubaneswar,20.23333,85.83333,0
502,Vientiane,17.96667,102.6,0
503,Pingdingshan--Henan,33.74166,113.304003,0
504,Antwerpen,51.21989,4.40346,0
505,Rotterdam,51.9225,4.47917,0
506,Cuernavaca,18.91667,-99.25,0
507,Xinxiang,35.298867,113.901477,0
508,Oslo,59.91273,10.74609,0
509,Solapur,17.68333,75.91667,0
510,Zhangjiakou,40.81,114.87944,0
511,Perm,58.01741,56.28552,0
512,Tanger,35.784722,-5.812778,0
513,Huaibei,33.954851,116.792878,0
514,Ruian,27.780759,120.675519,0
515,Jiaxing,30.766487,120.748231,0
516,Jinhua,29.080651,119.646369,0
517,Pointe-Noire,-4.77609,11.86352,0
518,Seongnam,37.43861,127.13778,0
519,Nouakchott,18.08581,-15.9785,0
520,Dongying,37.453273,118.578519,0
521,Nice-Cannes,43.6646,7.15339,0
522,Bandar-Lampung,-5.4254,105.258,0
523,Jingzhou--Hubei,30.327567,112.248367,0
524,Hartford,41.7637111,-72.6850932,0
525,Yueyang,29.372239,113.115285,0
526,Teresina,-5.08917,-42.80194,0
527,Tengzhou,35.084539,117.162387,0
528,Dnipropetrovsk,48.45,34.98333,0
529,Lomé,6.13748,1.21227,0
530,Managua,12.13282,-86.2504,0
531,Jalandhar,31.3255556,75.5791667,0
532,Da-Nang,16.051264,108.212426,0
533,Cebu-City,10.31672,123.89071,0
534,Aba,5.10658,7.36667,0
535,Goyang,37.65639,126.835,0
536,Chihuahua,28.63333,-106.08333,0
537,Bridgeport-Stamford,41.16704,-73.20483,0
538,Toulouse,43.60426,1.44367,0
539,Matola,-25.96222,32.45889,0
540,Zamboanga-City,6.910333,122.075045,0
541,Donetsk,48.023,37.80224,0
542,Saltillo,25.41667,-101,0
543,Diyarbakir,37.91583,40.21889,0
544,Oklahoma-City,35.4675,-97.516389,0
545,Suzhou--Anhui,33.635918,116.974726,0
546,New-Orleans,29.95465,-90.07507,0
547,Tampico,22.21667,-97.85,0
548,Morelia,19.70078,-101.18443,0
549,Bahawalpur,29.4,71.68333,0
550,Buffalo,42.887934,-78.871593,0
551,Tucson,32.214476,-110.918192,0
552,Johor-Bahru,1.4655,103.7578,0
553,Voronezh,51.67204,39.1843,0
554,San-Miguel-de-Tucumán,-26.82414,-65.2226,0
555,Jieyang,23.552629,116.372145,0
556,Valparaíso,-33.03932,-71.62725,0
557,Lilongwe,-13.96692,33.78725,0
558,Kayseri,38.73222,35.48528,0
559,Ulsan,35.53722,129.31667,0
560,Padang,-0.94924,100.35427,0
561,Acapulco-de-Juárez,16.86336,-99.8901,0
562,Kermanshah,34.31417,47.065,0
563,Fuyang,32.889497,115.815213,0
564,Bordeaux,44.84044,-0.5805,0
565,Jixi--Heilongjiang,45.295804,130.970134,0
566,Najaf,31.997314,44.331352,0
567,Southampton/Portsmouth-(South-Hampshire),50.911698,-1.40357,0
568,Adan-(Aden),12.798803,45.035902,0
569,Veracruz,19.2,-96.13333,0
570,Liuan,31.754268,116.498142,0
571,El-Paso,31.7775757,-106.4424559,0
572,Wenling,28.375791,121.378138,0
573,Bucheon,37.49889,126.78306,0
574,Liverpool,53.41058,-2.97794,0
575,Yueqing,28.1194,120.9612,0
576,Bishkek,42.87,74.59,0
577,Samarinda,-0.5,117.15,0
578,McAllen,26.216263,-98.236385,0
579,Ma'anshan,31.707085,118.503768,0
580,Wahran-(Oran),35.69111,-0.64167,0
581,Ilorin,8.5,4.55,0
582,Malang,-7.9797,112.6304,0
583,Huzhou,30.8703,120.0933,0
584,Mersin,36.8,34.633333,0
585,Warangal,18,79.58333,0
586,Palermo,38.11582,13.35976,0
587,Reynosa,26.08333,-98.28333,0
588,San-Pedro-Sula,15.5,-88.03333,0
589,Cúcuta,7.89391,-72.50782,0
590,Mudanjiang,44.58333,129.6,0
591,Arequipa,-16.39889,-71.535,0
592,Saharanpur,29.96667,77.55,0
593,Honolulu,21.30895,-157.826182,0
594,Uyo,5.05127,7.9335,0
595,La-Plata,-34.92145,-57.95453,0
596,Weihai,37.50167,122.11361,0
597,Cancún,21.17429,-86.84656,0
598,Villahermosa,17.98333,-92.91667,0
599,Rajshahi,24.36667,88.6,0
600,Bengbu,32.94083,117.36083,0
601,Campo-Grande,-20.456697,-54.618515,0
602,Bergamo,45.69798,9.66895,0
603,Jerusalem,31.76904,35.21633,0
604,Masqat-(Muscat),23.61387,58.5922,0
605,Mwanza,-2.51667,32.9,0
606,Bien-Hoa,10.95,106.81667,0
607,Bukavu,-2.50833,28.86083,0
608,Siliguri,26.71611,88.42361,0
609,Shiyan,32.644469,110.783587,0
610,Albuquerque,35.110703,-106.609991,0
611,Aracaju,-10.91111,-37.07167,0
612,Dushanbe,38.53575,68.77905,0
613,Dandong,40.119831,124.373852,0
614,Liuyang,28.15,113.63333,0
615,Concepción,-36.82699,-73.04977,0
616,Tainan,23.131587,120.259004,0
617,Saratov,51.54056,46.00861,0
618,Dehradun,30.31667,78.03333,0
619,Leshan,29.576174,103.75896,0
620,Pizhou,34.31139,117.95028,0
621,Pingxiang--Jiangxi,27.634816,113.847689,0
622,Jos,9.91667,8.9,0
623,Valencia,39.46975,-0.37739,0
624,Liupanshui,26.592289,104.837711,0
625,Blantyre-Limbe,-15.78499,35.00854,0
626,Krasnodar,45.0488,38.9725,0
627,Québec,46.81228,-71.21454,0
628,Kaifeng,34.79111,114.34833,0
629,Hermosillo,29.084507,-110.967187,0
630,Asmara,15.33333,38.93333,0
631,Zunyi,27.711309,106.936512,0
632,Ganzhou,25.85,114.93333,0
633,Londrina,-23.31028,-51.16278,0
634,Trujillo,-8.11599,-79.02998,0
635,Birmingham,33.515744,-86.801056,0
636,Bangui,4.36122,18.55496,0
637,Bhiwandi,19.3,73.06667,0
638,Santa-Fe,-31.632717,-60.698281,0
639,Newcastle-upon-Tyne,54.97328,-1.61396,0
640,Fuxin,42.01556,121.65889,0
641,Liaoyang,41.27194,123.17306,0
642,Tasikmalaya,-7.327905,108.216618,0
643,Xintai,35.90056,117.75194,0
644,Bologna,44.49381,11.33875,0
645,Lattakia,35.51484,35.77684,0
646,Omaha,41.25861111,-95.93777778,0
647,Tuxtla-Gutierrez,16.75,-93.11667,0
648,Luzhou,28.877528,105.440814,0
649,Ansan,37.32361,126.82194,0
650,Soshanguve,-25.47288,28.09919,0
651,Laiwu,36.207444,117.672021,0
652,Luohe,33.573149,114.024063,0
653,Nnewi,6.01986,6.91478,0
654,Culiacán,24.79944,-107.38972,0
655,Bouake,7.69385,-5.03031,0
656,Guigang,23.09639,109.60917,0
657,Hargeysa,9.56,44.065,0
658,Kraków-(Cracow),50.066777,19.942468,0
659,Winnipeg,49.895451,-97.129437,0
660,Astana,51.1801,71.44598,0
661,Abomey-Calavi,6.44852,2.35566,0
662,Guntur,16.3,80.45,0
663,Nottingham,52.9536,-1.15047,0
664,Zaporizhzhya,47.82289,35.19031,0
665,Huangshi,30.20678,115.085462,0
666,Bujumbura,-3.3822,29.3644,0
667,Shimkent,42.3,69.6,0
668,Ashgabat,37.95,58.38333,0
669,Banghazi,32.11667,20.06667,0
670,Hamilton,43.249459,-79.847539,0
671,Hufuf-Mubarraz,25.41,49.58083,0
672,Xingtai,37.06306,114.49417,0
673,Shaoguan,24.8,113.58333,0
674,Chenzhou,25.8,113.03333,0
675,Changzhi,36.192128,113.115533,0
676,Orumiyeh,37.55274,45.07605,0
677,Ipoh,4.583333,101.0833,0
678,Thessaloniki,40.64028,22.94389,0
679,Al-Raqqa,35.95,39.01667,0
680,Lvov,49.837969,24.032508,0
681,Yibin,28.76667,104.62383,0
682,Dayton,39.758406,-84.192906,0
683,Rochester,43.156924,-77.604633,0
684,Jiaozuo,35.23972,113.23306,0
685,Haicheng,40.855239,122.743396,0
686,Puducherry,11.93,79.83,0
687,Xalapa,19.537714,-96.913656,0
688,Tolyatti,53.5303,49.3461,0
689,Maiduguri,11.84644,13.16027,0
690,Sorocaba,-23.50167,-47.45806,0
691,Zhangzhou,24.5133,117.6556,0
692,Changshu,31.653905,120.746654,0
693,Chişinău,47.00556,28.8575,0
694,Tianmen,30.653449,113.160506,0
695,Gorakhpur,26.759877,83.371379,0
696,Bobo-Dioulasso,11.17715,-4.2979,0
697,Ad-Dawhah-(Doha),25.274724,51.524472,0
698,Zhucheng,35.99472,119.3975,0
699,Meknès,33.89352,-5.54727,0
700,Owerri,5.48333,7.03041,0
701,Sargodha,32.0833333,72.6666667,0
702,Frankfurt-am-Main,50.11667,8.68333,0
703,Safaqis,34.748471,10.756162,0
704,Nyala,12.05,24.88333,0
705,Allentown-Bethlehem,40.60908,-75.475962,0
706,Changde,29.04638,111.6783,0
707,Fresno,36.754529,-119.771119,0
708,Sekondi-Takoradi,4.934,-1.7137,0
709,Tulsa,36.131294,-95.937332,0
710,Barcelona-Puerto-La-Cruz,10.21667,-64.61667,0
711,Shangqiu,34.424422,115.651378,0
712,Rasht,37.28077,49.58319,0
713,Libreville,0.3925,9.45365,0
714,Colombo,6.93194,79.84778,0
715,Ikorodu,6.608716,3.510823,0
716,Bikaner,28.01667,73.3,0
717,Sheffield,53.38297,-1.4659,0
718,Eskisehir,39.77667,30.52056,0
719,Huludao,40.75242,120.83552,0
720,Łódź,51.759433,19.459957,0
721,Zaria,11.11128,7.7227,0
722,Xinyang,32.128856,114.074643,0
723,Sevilla,37.38241,-5.97613,0
724,Florence,43.76667,11.25,0
725,Zaragoza,41.65606,-0.87734,0
726,Yangquan,37.85578,113.582568,0
727,Linfen,36.08889,111.51889,0
728,Zigong,29.34162,104.77689,0
729,Firozabad,27.15,78.41667,0
730,Ciudad-Guayana,8.35122,-62.64102,0
731,Ta'izz,13.57952,44.02091,0
732,Amravati,20.93333,77.75,0
733,Panjin,41.121893,122.070073,0
734,Cheongju,36.63722,127.48972,0
735,Binzhou,37.381079,118.010852,0
736,Qingyuan,23.714582,113.029707,0
737,Genova-(Genoa),44.40632,8.93386,0
738,Xinyu,27.80429,114.93335,0
739,Cuttack,20.46497,85.87927,0
740,Sarasota-Bradenton,27.33643,-82.53065,0
741,Tshikapa,-6.41621,20.79995,0
742,Cagayan-de-Oro-City,8.48222,124.64722,0
743,Karbala,32.5983333,44.0238889,0
744,Zagreb,45.81444,15.97798,0
745,Jiangyin,31.915679,120.28096,0
746,Chengde,40.967162,117.932222,0
747,Cotonou,6.36536,2.41833,0
748,Jiujiang,29.704105,116.001302,0
749,Zhuji,29.713158,120.236819,0
750,Banjarmasin,-3.32442,114.591,0
751,Krivoi-Rog,47.91083,33.392491,0
752,Enugu,6.4402,7.4943,0
753,Xianyang--Shaanxi,34.338637,108.701548,0
754,Bazhong,31.866216,106.732539,0
755,Liaocheng,36.455124,115.982616,0
756,Cape-Coral,26.6396,-81.982471,0
757,Ar-Rayyan,25.29194,51.42444,0
758,Jeonju,35.82194,127.14889,0
759,Misratah,32.37535,15.09254,0
760,Guiping,23.39336,110.07437,0
761,Sylhet,24.89667,91.87167,0
762,Jammu,32.727805,74.856879,0
763,Xiaogan,30.925566,113.91746,0
764,Bur-Sa'id,31.25654,32.28412,0
765,Xinghua,32.937332,119.838732,0
766,Jiamusi,46.797936,130.330183,0
767,Oaxaca-de-Juárez,17.05,-96.71667,0
768,Malegaon,20.55,74.53333,0
769,Panzhihua,26.58509,101.71276,0
770,Baton-Rouge,30.45075,-91.15455,0
771,Warri,5.51667,5.75,0
772,Celaya,20.51667,-100.81667,0
773,Belgaum,15.85212,74.50447,0
774,Liège,50.63373,5.56749,0
775,Mangalore,12.91723,74.85603,0
776,Padova,45.41519,11.88181,0
777,Balikpapan,-1.26753,116.82887,0
778,Ribeirão--Preto,-21.1775,-47.81028,0
779,Concord,37.97798,-122.03107,0
780,Kirkuk,35.4680556,44.3922222,0
781,Nellore,14.44625,79.9842,0
782,s-Gravenhage-(The-Hague),52.0767,4.2986,0
783,Nampula,-15.11646,39.2666,0
784,Oshogbo,7.76667,4.56667,0
785,Mar-Del-Plata,-38.00228,-57.55754,0
786,Yongzhou,26.435132,111.606348,0
787,Bristol,51.4552,-2.5966,0
788,Bhavnagar,21.76667,72.15,0
789,Bulawayo,-20.15,28.58333,0
790,Knoxville,35.960749,-83.927657,0
791,Springfield--Massachusett--Connecticut,42.10148,-72.5898,0
792,Tianshui,34.580929,105.723718,0
793,Yichun--Heilongjiang,47.724475,128.83367,0
794,Yichun--Jiangxi,27.806158,114.389221,0
795,Makhachkala,42.97638,47.50236,0
796,Anqing,30.542972,117.0533,0
797,Uberlândia,-18.91861,-48.27722,0
798,Taixing,32.16667,120.01361,0
799,Baishan,41.937333,126.422863,0
800,Shaoyang,27.240329,111.470907,0
801,Leiyang,26.416884,112.850257,0
802,Ezhou,30.400061,114.884582,0
803,Jimo,36.38972,120.46222,0
804,Taif,21.27028,40.41583,0
805,Chongjin,41.79556,129.77583,0
806,Columbia--South-Carolina,33.999477,-81.036538,0
807,Busto-Arsizio,45.61128,8.84914,0
808,Deyang,31.13019,104.38198,0
809,Venezia,45.43565,12.339589,0
810,Wrocław,51.1,17.03333,0
811,Zhaoqing,23.05116,112.45972,0
812,Ogden-Layton,41.223,-111.97383,0
813,Charleston-North-Charleston,32.789295,-79.986255,0
814,Tyumen,57.15222,65.52722,0
815,Stuttgart,48.78232,9.17702,0
816,Gaza-(incl.-Ash-Shati-Camp),31.510618,34.458756,0
817,Durgapur,23.520444,87.311923,0
818,Izhevsk,56.84976,53.20448,0
819,Langfang,39.50972,116.69472,0
820,Riga,56.946,24.10589,0
821,Jundiaí,-23.188254,-46.891347,0
822,Temecula-Murrieta,33.53635,-117.16305,0
823,Jamnagar,22.46667,70.06667,0
824,Bari,41.11773,16.85118,0
825,Hegang,47.344338,130.293701,0
826,Suining--Sichuan,30.523613,105.563901,0
827,General-Santos-City,6.11278,125.17167,0
828,Barnaul,53.36056,83.76361,0
829,Colorado-Springs,38.863443,-104.791914,0
830,Nantes,47.21725,-1.55336,0
831,Provo-Orem,40.23384,-111.65853,0
832,Albany,42.66,-73.78,0
833,Neijiang,29.58354,105.06216,0
834,Ibagué,4.43889,-75.23222,0
835,Tongliao,43.6125,122.26528,0
836,Nanded-Waghala,19.161775,77.313728,0
837,Mission-Viejo,33.60002,-117.672,0
838,Gebze,40.80276,29.43068,0
839,Maoming,21.662659,110.923448,0
840,Verona,45.43419,10.99779,0
841,Belfast,54.594668,-5.929812,0
842,Bakersfield,35.357276,-119.031661,0
843,Jambi,-1.6,103.61667,0
844,Wuzhou,23.483239,111.274132,0
845,Pontianak,-0.03333,109.33333,0
846,Liling,27.66667,113.5,0
847,Duesseldorf,51.22172,6.77616,0
848,Kumamoto,32.78972,130.74167,0
849,Ulyanovsk,54.32824,48.38657,0
850,Danyang,32.000797,119.574455,0
851,Pereira,4.81333,-75.69611,0
852,Dezhou,37.451765,116.300973,0
853,Pachuca-de-Soto,20.11697,-98.73329,0
854,Yuyao,30.042582,121.15306,0
855,Chiclayo,-6.77361,-79.84167,0
856,Larkana,27.55,68.2166667,0
857,Linhai,28.852887,121.140343,0
858,Tartus,34.893201,35.88844,0
859,Anyang,37.3925,126.92694,0
860,Be'er-Sheva,31.25181,34.7913,0
861,Gulbarga,17.3333333,76.8333333,0
862,Bokaro-Steel-City,23.78732,85.95622,0
863,Cherthala,9.683497,76.336654,0
864,Kolhapur,16.69563,74.23167,0
865,Zhoushan,29.988548,122.213475,0
866,Agadir,30.424847,-9.593695,0
867,Jhansi,25.43333,78.58333,0
868,Huaihua,27.54944,109.95917,0
869,Vladivostok,43.10562,131.87353,0
870,Erode,11.3428,77.72741,0
871,Kitwe,-12.8166667,28.2,0
872,Erduosi-(Ordoss),39.591741,109.766573,0
873,Gold-Coast,-28.00029,153.43088,0
874,Yanji,42.9075,129.50778,0
875,Bozhou,33.870279,115.776985,0
876,Seregno,45.65238,9.20034,0
877,Kingston,17.99702,-76.79358,0
878,Muzaffarnagar,29.46667,77.68333,0
879,Niigata,37.913894,139.032723,0
880,Jincheng,35.486475,112.851484,0
881,Cuiabá,-15.59611,-56.09667,0
882,Göteborg,57.703161,11.966273,0
883,Durango,24.03333,-104.66667,0
884,Grand-Rapids,42.956393,-85.664883,0
885,Raurkela,22.224891,84.86175,0
886,Macao,22.20056,113.54611,0
887,As-Suways,29.968133,32.547497,0
888,Irkutsk,52.29778,104.29639,0
889,Catania,37.50213,15.08719,0
890,Kunshan-,31.388114,120.962872,0
891,Tabuk,28.38333,36.58333,0
892,Umuahia,5.52627,7.48959,0
893,Ajmer,26.45,74.63333,0
894,Sialkot,32.5,74.5166667,0
895,Salta,-24.7859,-65.41166,0
896,New-Haven,41.3019,-72.929857,0
897,Santiago,19.460205,-70.699686,0
898,Yulin--Guangxi,22.633869,110.153301,0
899,Nasiriyah,31.0333333,46.2666667,0
900,Yaroslavl,57.62987,39.87368,0
901,Dortmund,51.51667,7.45,0
902,Toulon,43.123989,5.933225,0
903,Hamhung,39.91833,127.53639,0
904,Heze,35.245103,115.459799,0
905,Dongtai,32.85231,120.30947,0
906,Hanchuan,30.651646,113.832908,0
907,Malaga,36.72016,-4.42034,0
908,Gaomi,36.38333,119.75278,0
909,Sukkur,27.7,68.8666667,0
910,Khabarovsk,48.48272,135.08379,0
911,São-José-dos-Campos,-23.17944,-45.88694,0
912,Zhangqiu,36.701031,117.52711,0
913,Zanzibar,-6.16394,39.19793,0
914,Xiantao,30.371768,113.448402,0
915,Al-Hudaydah,14.79781,42.95452,0
916,Kuerle,41.764562,86.147227,0
917,Dazhou,31.21592,107.50092,0
918,Akron,41.08144,-81.51901,0
919,Kurnool,15.826681,78.035199,0
920,Essen,51.45374,7.010388,0
921,Samsun,41.2833333,36.3333333,0
922,Qujing,25.489377,103.797682,0
923,Bogra,24.85,89.36667,0
924,Hamadan,34.79922,48.51456,0
925,Zhumadian,32.97944,114.02944,0
926,Kuching,1.55,110.33333,0
927,Buraydah,26.32599,43.97497,0
928,Quzhou,28.95944,118.86861,0
929,Wuhai,39.66472,106.81222,0
930,Bacolod,10.650723,122.945983,0
931,Maturin,9.75,-63.17667,0
932,Denizli,37.77417,29.0875,0
933,Genève,46.20222,6.14569,0
934,Al-Hasakah,36.50237,40.74772,0
935,Qinzhou,21.96808,108.62136,0
936,Fuzhou--Jiangxi,27.98119,116.355676,0
937,Zahedan,29.4963,60.8629,0
938,Akure,7.25256,5.19312,0
939,Ujjain,23.18333,75.76667,0
940,Sanliurfa,37.16708,38.79392,0
941,Feira-De-Santana,-12.26667,-38.96667,0
942,Sokoto,13.06092,5.23902,0
943,Villavicencio,4.142,-73.62664,0
944,Tlaxcala,19.31389,-98.24167,0
945,Leipzig,51.33962,12.37129,0
946,Agartala,23.83639,91.275,0
947,Tirupati,13.65,79.41667,0
948,Dresden,51.05089,13.73832,0
949,Kerman,30.28321,57.07879,0
950,Bremen,53.07516,8.80777,0
951,Siping,43.16333,124.36861,0
952,Orenburg,51.7727,55.0988,0
953,Tomsk,56.49417,84.97417,0
954,Poznań,52.40692,16.92993,0
955,Sangali,16.85438,74.56417,0
956,Novokuznetsk,53.7557,87.1099,0
957,Zhoukou,33.617368,114.646126,0
958,Yangjiang,21.861445,111.956303,0
959,Juiz-De-Fora,-21.76417,-43.35028,0
960,Sanya,18.267573,109.503412,0
961,Poza-Rica-de-Hidalgo,20.53315,-97.45946,0
962,Qitaihe,45.767053,130.975,0
963,Ardabil,38.2498,48.2933,0
964,Leicester,52.6386,-1.1317,0
965,Yuncheng,35.02306,110.99278,0
966,Kemerovo,55.33333,86.08333,0
967,Kayamkulam,9.166577,76.504332,0
968,Hannover,52.37052,9.73322,0
969,Tirunelveli,8.73333,77.7,0
970,Yazd,31.89722,54.3675,0
971,Mathura,27.5,77.68333,0
972,Taicang,31.454873,121.117171,0
973,Haimen,31.895193,121.168399,0
974,Djibouti,11.58767,43.14468,0
975,Vellore,12.93333,79.13333,0
976,Sheikhupura,31.7130556,73.9783333,0
977,Matamoros,25.53333,-103.25,0
978,Astrakhan,46.34968,48.04076,0
979,Cangzhou,38.31667,116.86667,0
980,Udon-Thani,17.41567,102.78589,0
981,Ryazan,54.6269,39.6916,0
982,Dengzhou,32.68222,112.08194,0
983,Puyang,35.77051,115.043769,0
984,Namangan,40.9983,71.67257,0
985,Fuqing,25.725,119.37944,0
986,Shishi,24.736683,118.634046,0
987,Tonghua,41.720071,125.928089,0
988,Renqiu,38.69889,116.09361,0
989,Loudi,27.73444,111.99444,0
990,Miluo,28.806933,113.072064,0
991,Zhangjiagang,31.865,120.53889,0
992,Hsinchu,24.805781,120.9703,0
993,Hebi,35.747018,114.295632,0
994,Chon-Buri,13.361125,100.988319,0
995,Bilaspur,22.078278,82.14574,0
996,Bago,17.33667,96.47972,0
997,Imphal,24.81667,93.95,0
998,Santa-Marta,11.24079,-74.19904,0
999,Worcester,42.262599,-71.802347,0
