25 25
Starlink 0
1 00001U 19029BR  18161.59692852  .00001103  00000-0  33518-4 0  9994
2 00001 53.00000   0.7036 0003481 299.7327   0.3331 15.05527065  1773
Starlink 1
1 00002U 19029BR  18161.59692852  .00001103  00000-0  33518-4 0  9995
2 00002 53.00000   0.7036 0003481 299.7327  14.3331 15.05527065  1779
Starlink 2
1 00003U 19029BR  18161.59692852  .00001103  00000-0  33518-4 0  9996
2 00003 53.00000   0.7036 0003481 299.7327  28.3331 15.05527065  1775
Starlink 3
1 00004U 19029BR  18161.59692852  .00001103  00000-0  33518-4 0  9997
2 00004 53.00000   0.7036 0003481 299.7327  43.3331 15.05527065  1773
Starlink 4
1 00005U 19029BR  18161.59692852  .00001103  00000-0  33518-4 0  9998
2 00005 53.00000   0.7036 0003481 299.7327  57.3331 15.05527065  1779
Starlink 5
1 00006U 19029BR  18161.59692852  .00001103  00000-0  33518-4 0  9999
2 00006 53.00000   0.7036 0003481 299.7327  72.3331 15.05527065  1777
Starlink 6
1 00007U 19029BR  18161.59692852  .00001103  00000-0  33518-4 0  9990
2 00007 53.00000   0.7036 0003481 299.7327  86.3331 15.05527065  1773
Starlink 7
1 00008U 19029BR  18161.59692852  .00001103  00000-0  33518-4 0  9991
2 00008 53.00000   0.7036 0003481 299.7327 100.3331 15.05527065  1771
Starlink 8
1 00009U 19029BR  18161.59692852  .00001103  00000-0  33518-4 0  9992
2 00009 53.00000   0.7036 0003481 299.7327 115.3331 15.05527065  1778
Starlink 9
1 00010U 19029BR  18161.59692852  .00001103  00000-0  33518-4 0  9994
2 00010 53.00000   0.7036 0003481 299.7327 129.3331 15.05527065  1775
Starlink 10
1 00011U 19029BR  18161.59692852  .00001103  00000-0  33518-4 0  9995
2 00011 53.00000   0.7036 0003481 299.7327 144.3331 15.05527065  1773
Starlink 11
1 00012U 19029BR  18161.59692852  .00001103  00000-0  33518-4 0  9996
2 00012 53.00000   0.7036 0003481 299.7327 158.3331 15.05527065  1779
Starlink 12
1 00013U 19029BR  18161.59692852  .00001103  00000-0  33518-4 0  9997
2 00013 53.00000   0.7036 0003481 299.7327 172.3331 15.05527065  1776
Starlink 13
1 00014U 19029BR  18161.59692852  .00001103  00000-0  33518-4 0  9998
2 00014 53.00000   0.7036 0003481 299.7327 187.3331 15.05527065  1773
Starlink 14
1 00015U 19029BR  18161.59692852  .00001103  00000-0  33518-4 0  9999
2 00015 53.00000   0.7036 0003481 299.7327 201.3331 15.05527065  1771
Starlink 15
1 00016U 19029BR  18161.59692852  .00001103  00000-0  33518-4 0  9990
2 00016 53.00000   0.7036 0003481 299.7327 216.3331 15.05527065  1778
Starlink 16
1 00017U 19029BR  18161.59692852  .00001103  00000-0  33518-4 0  9991
2 00017 53.00000   0.7036 0003481 299.7327 230.3331 15.05527065  1775
Starlink 17
1 00018U 19029BR  18161.59692852  .00001103  00000-0  33518-4 0  9992
2 00018 53.00000   0.7036 0003481 299.7327 244.3331 15.05527065  1771
Starlink 18
1 00019U 19029BR  18161.59692852  .00001103  00000-0  33518-4 0  9993
2 00019 53.00000   0.7036 0003481 299.7327 259.3331 15.05527065  1778
Starlink 19
1 00020U 19029BR  18161.59692852  .00001103  00000-0  33518-4 0  9995
2 00020 53.00000   0.7036 0003481 299.7327 273.3331 15.05527065  1776
Starlink 20
1 00021U 19029BR  18161.59692852  .00001103  00000-0  33518-4 0  9996
2 00021 53.00000   0.7036 0003481 299.7327 288.3331 15.05527065  1773
Starlink 21
1 00022U 19029BR  18161.59692852  .00001103  00000-0  33518-4 0  9997
2 00022 53.00000   0.7036 0003481 299.7327 302.3331 15.05527065  1771
Starlink 22
1 00023U 19029BR  18161.59692852  .00001103  00000-0  33518-4 0  9998
2 00023 53.00000   0.7036 0003481 299.7327 316.3331 15.05527065  1777
Starlink 23
1 00024U 19029BR  18161.59692852  .00001103  00000-0  33518-4 0  9999
2 00024 53.00000   0.7036 0003481 299.7327 331.3331 15.05527065  1775
Starlink 24
1 00025U 19029BR  18161.59692852  .00001103  00000-0  33518-4 0  9990
2 00025 53.00000   0.7036 0003481 299.7327 345.3331 15.05527065  1771
Starlink 25
1 00026U 19029BR  18161.59692852  .00001103  00000-0  33518-4 0  9991
2 00026 53.00000  14.7036 0003481 299.7327   0.3331 15.05527065  1775
Starlink 26
1 00027U 19029BR  18161.59692852  .00001103  00000-0  33518-4 0  9992
2 00027 53.00000  14.7036 0003481 299.7327  14.3331 15.05527065  1771
Starlink 27
1 00028U 19029BR  18161.59692852  .00001103  00000-0  33518-4 0  9993
2 00028 53.00000  14.7036 0003481 299.7327  28.3331 15.05527065  1777
Starlink 28
1 00029U 19029BR  18161.59692852  .00001103  00000-0  33518-4 0  9994
2 00029 53.00000  14.7036 0003481 299.7327  43.3331 15.05527065  1775
Starlink 29
1 00030U 19029BR  18161.59692852  .00001103  00000-0  33518-4 0  9996
2 00030 53.00000  14.7036 0003481 299.7327  57.3331 15.05527065  1772
Starlink 30
1 00031U 19029BR  18161.59692852  .00001103  00000-0  33518-4 0  9997
2 00031 53.00000  14.7036 0003481 299.7327  72.3331 15.05527065  1770
Starlink 31
1 00032U 19029BR  18161.59692852  .00001103  00000-0  33518-4 0  9998
2 00032 53.00000  14.7036 0003481 299.7327  86.3331 15.05527065  1776
Starlink 32
1 00033U 19029BR  18161.59692852  .00001103  00000-0  33518-4 0  9999
2 00033 53.00000  14.7036 0003481 299.7327 100.3331 15.05527065  1774
Starlink 33
1 00034U 19029BR  18161.59692852  .00001103  00000-0  33518-4 0  9990
2 00034 53.00000  14.7036 0003481 299.7327 115.3331 15.05527065  1771
Starlink 34
1 00035U 19029BR  18161.59692852  .00001103  00000-0  33518-4 0  9991
2 00035 53.00000  14.7036 0003481 299.7327 129.3331 15.05527065  1777
Starlink 35
1 00036U 19029BR  18161.59692852  .00001103  00000-0  33518-4 0  9992
2 00036 53.00000  14.7036 0003481 299.7327 144.3331 15.05527065  1775
Starlink 36
1 00037U 19029BR  18161.59692852  .00001103  00000-0  33518-4 0  9993
2 00037 53.00000  14.7036 0003481 299.7327 158.3331 15.05527065  1771
Starlink 37
1 00038U 19029BR  18161.59692852  .00001103  00000-0  33518-4 0  9994
2 00038 53.00000  14.7036 0003481 299.7327 172.3331 15.05527065  1778
Starlink 38
1 00039U 19029BR  18161.59692852  .00001103  00000-0  33518-4 0  9995
2 00039 53.00000  14.7036 0003481 299.7327 187.3331 15.05527065  1775
Starlink 39
1 00040U 19029BR  18161.59692852  .00001103  00000-0  33518-4 0  9997
2 00040 53.00000  14.7036 0003481 299.7327 201.3331 15.05527065  1774
Starlink 40
1 00041U 19029BR  18161.59692852  .00001103  00000-0  33518-4 0  9998
2 00041 53.00000  14.7036 0003481 299.7327 216.3331 15.05527065  1771
Starlink 41
1 00042U 19029BR  18161.59692852  .00001103  00000-0  33518-4 0  9999
2 00042 53.00000  14.7036 0003481 299.7327 230.3331 15.05527065  1778
Starlink 42
1 00043U 19029BR  18161.59692852  .00001103  00000-0  33518-4 0  9990
2 00043 53.00000  14.7036 0003481 299.7327 244.3331 15.05527065  1774
Starlink 43
1 00044U 19029BR  18161.59692852  .00001103  00000-0  33518-4 0  9991
2 00044 53.00000  14.7036 0003481 299.7327 259.3331 15.05527065  1771
Starlink 44
1 00045U 19029BR  18161.59692852  .00001103  00000-0  33518-4 0  9992
2 00045 53.00000  14.7036 0003481 299.7327 273.3331 15.05527065  1778
Starlink 45
1 00046U 19029BR  18161.59692852  .00001103  00000-0  33518-4 0  9993
2 00046 53.00000  14.7036 0003481 299.7327 288.3331 15.05527065  1775
Starlink 46
1 00047U 19029BR  18161.59692852  .00001103  00000-0  33518-4 0  9994
2 00047 53.00000  14.7036 0003481 299.7327 302.3331 15.05527065  1773
Starlink 47
1 00048U 19029BR  18161.59692852  .00001103  00000-0  33518-4 0  9995
2 00048 53.00000  14.7036 0003481 299.7327 316.3331 15.05527065  1779
Starlink 48
1 00049U 19029BR  18161.59692852  .00001103  00000-0  33518-4 0  9996
2 00049 53.00000  14.7036 0003481 299.7327 331.3331 15.05527065  1777
Starlink 49
1 00050U 19029BR  18161.59692852  .00001103  00000-0  33518-4 0  9998
2 00050 53.00000  14.7036 0003481 299.7327 345.3331 15.05527065  1774
Starlink 50
1 00051U 19029BR  18161.59692852  .00001103  00000-0  33518-4 0  9999
2 00051 53.00000  28.7036 0003481 299.7327   0.3331 15.05527065  1778
Starlink 51
1 00052U 19029BR  18161.59692852  .00001103  00000-0  33518-4 0  9990
2 00052 53.00000  28.7036 0003481 299.7327  14.3331 15.05527065  1774
Starlink 52
1 00053U 19029BR  18161.59692852  .00001103  00000-0  33518-4 0  9991
2 00053 53.00000  28.7036 0003481 299.7327  28.3331 15.05527065  1770
Starlink 53
1 00054U 19029BR  18161.59692852  .00001103  00000-0  33518-4 0  9992
2 00054 53.00000  28.7036 0003481 299.7327  43.3331 15.05527065  1778
Starlink 54
1 00055U 19029BR  18161.59692852  .00001103  00000-0  33518-4 0  9993
2 00055 53.00000  28.7036 0003481 299.7327  57.3331 15.05527065  1774
Starlink 55
1 00056U 19029BR  18161.59692852  .00001103  00000-0  33518-4 0  9994
2 00056 53.00000  28.7036 0003481 299.7327  72.3331 15.05527065  1772
Starlink 56
1 00057U 19029BR  18161.59692852  .00001103  00000-0  33518-4 0  9995
2 00057 53.00000  28.7036 0003481 299.7327  86.3331 15.05527065  1778
Starlink 57
1 00058U 19029BR  18161.59692852  .00001103  00000-0  33518-4 0  9996
2 00058 53.00000  28.7036 0003481 299.7327 100.3331 15.05527065  1776
Starlink 58
1 00059U 19029BR  18161.59692852  .00001103  00000-0  33518-4 0  9997
2 00059 53.00000  28.7036 0003481 299.7327 115.3331 15.05527065  1773
Starlink 59
1 00060U 19029BR  18161.59692852  .00001103  00000-0  33518-4 0  9999
2 00060 53.00000  28.7036 0003481 299.7327 129.3331 15.05527065  1770
Starlink 60
1 00061U 19029BR  18161.59692852  .00001103  00000-0  33518-4 0  9990
2 00061 53.00000  28.7036 0003481 299.7327 144.3331 15.05527065  1778
Starlink 61
1 00062U 19029BR  18161.59692852  .00001103  00000-0  33518-4 0  9991
2 00062 53.00000  28.7036 0003481 299.7327 158.3331 15.05527065  1774
Starlink 62
1 00063U 19029BR  18161.59692852  .00001103  00000-0  33518-4 0  9992
2 00063 53.00000  28.7036 0003481 299.7327 172.3331 15.05527065  1771
Starlink 63
1 00064U 19029BR  18161.59692852  .00001103  00000-0  33518-4 0  9993
2 00064 53.00000  28.7036 0003481 299.7327 187.3331 15.05527065  1778
Starlink 64
1 00065U 19029BR  18161.59692852  .00001103  00000-0  33518-4 0  9994
2 00065 53.00000  28.7036 0003481 299.7327 201.3331 15.05527065  1776
Starlink 65
1 00066U 19029BR  18161.59692852  .00001103  00000-0  33518-4 0  9995
2 00066 53.00000  28.7036 0003481 299.7327 216.3331 15.05527065  1773
Starlink 66
1 00067U 19029BR  18161.59692852  .00001103  00000-0  33518-4 0  9996
2 00067 53.00000  28.7036 0003481 299.7327 230.3331 15.05527065  1770
Starlink 67
1 00068U 19029BR  18161.59692852  .00001103  00000-0  33518-4 0  9997
2 00068 53.00000  28.7036 0003481 299.7327 244.3331 15.05527065  1776
Starlink 68
1 00069U 19029BR  18161.59692852  .00001103  00000-0  33518-4 0  9998
2 00069 53.00000  28.7036 0003481 299.7327 259.3331 15.05527065  1773
Starlink 69
1 00070U 19029BR  18161.59692852  .00001103  00000-0  33518-4 0  9990
2 00070 53.00000  28.7036 0003481 299.7327 273.3331 15.05527065  1771
Starlink 70
1 00071U 19029BR  18161.59692852  .00001103  00000-0  33518-4 0  9991
2 00071 53.00000  28.7036 0003481 299.7327 288.3331 15.05527065  1778
Starlink 71
1 00072U 19029BR  18161.59692852  .00001103  00000-0  33518-4 0  9992
2 00072 53.00000  28.7036 0003481 299.7327 302.3331 15.05527065  1776
Starlink 72
1 00073U 19029BR  18161.59692852  .00001103  00000-0  33518-4 0  9993
2 00073 53.00000  28.7036 0003481 299.7327 316.3331 15.05527065  1772
Starlink 73
1 00074U 19029BR  18161.59692852  .00001103  00000-0  33518-4 0  9994
2 00074 53.00000  28.7036 0003481 299.7327 331.3331 15.05527065  1770
Starlink 74
1 00075U 19029BR  18161.59692852  .00001103  00000-0  33518-4 0  9995
2 00075 53.00000  28.7036 0003481 299.7327 345.3331 15.05527065  1776
Starlink 75
1 00076U 19029BR  18161.59692852  .00001103  00000-0  33518-4 0  9996
2 00076 53.00000  43.7036 0003481 299.7327   0.3331 15.05527065  1772
Starlink 76
1 00077U 19029BR  18161.59692852  .00001103  00000-0  33518-4 0  9997
2 00077 53.00000  43.7036 0003481 299.7327  14.3331 15.05527065  1778
Starlink 77
1 00078U 19029BR  18161.59692852  .00001103  00000-0  33518-4 0  9998
2 00078 53.00000  43.7036 0003481 299.7327  28.3331 15.05527065  1774
Starlink 78
1 00079U 19029BR  18161.59692852  .00001103  00000-0  33518-4 0  9999
2 00079 53.00000  43.7036 0003481 299.7327  43.3331 15.05527065  1772
Starlink 79
1 00080U 19029BR  18161.59692852  .00001103  00000-0  33518-4 0  9991
2 00080 53.00000  43.7036 0003481 299.7327  57.3331 15.05527065  1779
Starlink 80
1 00081U 19029BR  18161.59692852  .00001103  00000-0  33518-4 0  9992
2 00081 53.00000  43.7036 0003481 299.7327  72.3331 15.05527065  1777
Starlink 81
1 00082U 19029BR  18161.59692852  .00001103  00000-0  33518-4 0  9993
2 00082 53.00000  43.7036 0003481 299.7327  86.3331 15.05527065  1773
Starlink 82
1 00083U 19029BR  18161.59692852  .00001103  00000-0  33518-4 0  9994
2 00083 53.00000  43.7036 0003481 299.7327 100.3331 15.05527065  1771
Starlink 83
1 00084U 19029BR  18161.59692852  .00001103  00000-0  33518-4 0  9995
2 00084 53.00000  43.7036 0003481 299.7327 115.3331 15.05527065  1778
Starlink 84
1 00085U 19029BR  18161.59692852  .00001103  00000-0  33518-4 0  9996
2 00085 53.00000  43.7036 0003481 299.7327 129.3331 15.05527065  1774
Starlink 85
1 00086U 19029BR  18161.59692852  .00001103  00000-0  33518-4 0  9997
2 00086 53.00000  43.7036 0003481 299.7327 144.3331 15.05527065  1772
Starlink 86
1 00087U 19029BR  18161.59692852  .00001103  00000-0  33518-4 0  9998
2 00087 53.00000  43.7036 0003481 299.7327 158.3331 15.05527065  1778
Starlink 87
1 00088U 19029BR  18161.59692852  .00001103  00000-0  33518-4 0  9999
2 00088 53.00000  43.7036 0003481 299.7327 172.3331 15.05527065  1775
Starlink 88
1 00089U 19029BR  18161.59692852  .00001103  00000-0  33518-4 0  9990
2 00089 53.00000  43.7036 0003481 299.7327 187.3331 15.05527065  1772
Starlink 89
1 00090U 19029BR  18161.59692852  .00001103  00000-0  33518-4 0  9992
2 00090 53.00000  43.7036 0003481 299.7327 201.3331 15.05527065  1771
Starlink 90
1 00091U 19029BR  18161.59692852  .00001103  00000-0  33518-4 0  9993
2 00091 53.00000  43.7036 0003481 299.7327 216.3331 15.05527065  1778
Starlink 91
1 00092U 19029BR  18161.59692852  .00001103  00000-0  33518-4 0  9994
2 00092 53.00000  43.7036 0003481 299.7327 230.3331 15.05527065  1775
Starlink 92
1 00093U 19029BR  18161.59692852  .00001103  00000-0  33518-4 0  9995
2 00093 53.00000  43.7036 0003481 299.7327 244.3331 15.05527065  1771
Starlink 93
1 00094U 19029BR  18161.59692852  .00001103  00000-0  33518-4 0  9996
2 00094 53.00000  43.7036 0003481 299.7327 259.3331 15.05527065  1778
Starlink 94
1 00095U 19029BR  18161.59692852  .00001103  00000-0  33518-4 0  9997
2 00095 53.00000  43.7036 0003481 299.7327 273.3331 15.05527065  1775
Starlink 95
1 00096U 19029BR  18161.59692852  .00001103  00000-0  33518-4 0  9998
2 00096 53.00000  43.7036 0003481 299.7327 288.3331 15.05527065  1772
Starlink 96
1 00097U 19029BR  18161.59692852  .00001103  00000-0  33518-4 0  9999
2 00097 53.00000  43.7036 0003481 299.7327 302.3331 15.05527065  1770
Starlink 97
1 00098U 19029BR  18161.59692852  .00001103  00000-0  33518-4 0  9990
2 00098 53.00000  43.7036 0003481 299.7327 316.3331 15.05527065  1776
Starlink 98
1 00099U 19029BR  18161.59692852  .00001103  00000-0  33518-4 0  9991
2 00099 53.00000  43.7036 0003481 299.7327 331.3331 15.05527065  1774
Starlink 99
1 00100U 19029BR  18161.59692852  .00001103  00000-0  33518-4 0  9994
2 00100 53.00000  43.7036 0003481 299.7327 345.3331 15.05527065  1772
Starlink 100
1 00101U 19029BR  18161.59692852  .00001103  00000-0  33518-4 0  9995
2 00101 53.00000  57.7036 0003481 299.7327   0.3331 15.05527065  1776
Starlink 101
1 00102U 19029BR  18161.59692852  .00001103  00000-0  33518-4 0  9996
2 00102 53.00000  57.7036 0003481 299.7327  14.3331 15.05527065  1772
Starlink 102
1 00103U 19029BR  18161.59692852  .00001103  00000-0  33518-4 0  9997
2 00103 53.00000  57.7036 0003481 299.7327  28.3331 15.05527065  1778
Starlink 103
1 00104U 19029BR  18161.59692852  .00001103  00000-0  33518-4 0  9998
2 00104 53.00000  57.7036 0003481 299.7327  43.3331 15.05527065  1776
Starlink 104
1 00105U 19029BR  18161.59692852  .00001103  00000-0  33518-4 0  9999
2 00105 53.00000  57.7036 0003481 299.7327  57.3331 15.05527065  1772
Starlink 105
1 00106U 19029BR  18161.59692852  .00001103  00000-0  33518-4 0  9990
2 00106 53.00000  57.7036 0003481 299.7327  72.3331 15.05527065  1770
Starlink 106
1 00107U 19029BR  18161.59692852  .00001103  00000-0  33518-4 0  9991
2 00107 53.00000  57.7036 0003481 299.7327  86.3331 15.05527065  1776
Starlink 107
1 00108U 19029BR  18161.59692852  .00001103  00000-0  33518-4 0  9992
2 00108 53.00000  57.7036 0003481 299.7327 100.3331 15.05527065  1774
Starlink 108
1 00109U 19029BR  18161.59692852  .00001103  00000-0  33518-4 0  9993
2 00109 53.00000  57.7036 0003481 299.7327 115.3331 15.05527065  1771
Starlink 109
1 00110U 19029BR  18161.59692852  .00001103  00000-0  33518-4 0  9995
2 00110 53.00000  57.7036 0003481 299.7327 129.3331 15.05527065  1778
Starlink 110
1 00111U 19029BR  18161.59692852  .00001103  00000-0  33518-4 0  9996
2 00111 53.00000  57.7036 0003481 299.7327 144.3331 15.05527065  1776
Starlink 111
1 00112U 19029BR  18161.59692852  .00001103  00000-0  33518-4 0  9997
2 00112 53.00000  57.7036 0003481 299.7327 158.3331 15.05527065  1772
Starlink 112
1 00113U 19029BR  18161.59692852  .00001103  00000-0  33518-4 0  9998
2 00113 53.00000  57.7036 0003481 299.7327 172.3331 15.05527065  1779
Starlink 113
1 00114U 19029BR  18161.59692852  .00001103  00000-0  33518-4 0  9999
2 00114 53.00000  57.7036 0003481 299.7327 187.3331 15.05527065  1776
Starlink 114
1 00115U 19029BR  18161.59692852  .00001103  00000-0  33518-4 0  9990
2 00115 53.00000  57.7036 0003481 299.7327 201.3331 15.05527065  1774
Starlink 115
1 00116U 19029BR  18161.59692852  .00001103  00000-0  33518-4 0  9991
2 00116 53.00000  57.7036 0003481 299.7327 216.3331 15.05527065  1771
Starlink 116
1 00117U 19029BR  18161.59692852  .00001103  00000-0  33518-4 0  9992
2 00117 53.00000  57.7036 0003481 299.7327 230.3331 15.05527065  1778
Starlink 117
1 00118U 19029BR  18161.59692852  .00001103  00000-0  33518-4 0  9993
2 00118 53.00000  57.7036 0003481 299.7327 244.3331 15.05527065  1774
Starlink 118
1 00119U 19029BR  18161.59692852  .00001103  00000-0  33518-4 0  9994
2 00119 53.00000  57.7036 0003481 299.7327 259.3331 15.05527065  1771
Starlink 119
1 00120U 19029BR  18161.59692852  .00001103  00000-0  33518-4 0  9996
2 00120 53.00000  57.7036 0003481 299.7327 273.3331 15.05527065  1779
Starlink 120
1 00121U 19029BR  18161.59692852  .00001103  00000-0  33518-4 0  9997
2 00121 53.00000  57.7036 0003481 299.7327 288.3331 15.05527065  1776
Starlink 121
1 00122U 19029BR  18161.59692852  .00001103  00000-0  33518-4 0  9998
2 00122 53.00000  57.7036 0003481 299.7327 302.3331 15.05527065  1774
Starlink 122
1 00123U 19029BR  18161.59692852  .00001103  00000-0  33518-4 0  9999
2 00123 53.00000  57.7036 0003481 299.7327 316.3331 15.05527065  1770
Starlink 123
1 00124U 19029BR  18161.59692852  .00001103  00000-0  33518-4 0  9990
2 00124 53.00000  57.7036 0003481 299.7327 331.3331 15.05527065  1778
Starlink 124
1 00125U 19029BR  18161.59692852  .00001103  00000-0  33518-4 0  9991
2 00125 53.00000  57.7036 0003481 299.7327 345.3331 15.05527065  1774
Starlink 125
1 00126U 19029BR  18161.59692852  .00001103  00000-0  33518-4 0  9992
2 00126 53.00000  72.7036 0003481 299.7327   0.3331 15.05527065  1770
Starlink 126
1 00127U 19029BR  18161.59692852  .00001103  00000-0  33518-4 0  9993
2 00127 53.00000  72.7036 0003481 299.7327  14.3331 15.05527065  1776
Starlink 127
1 00128U 19029BR  18161.59692852  .00001103  00000-0  33518-4 0  9994
2 00128 53.00000  72.7036 0003481 299.7327  28.3331 15.05527065  1772
Starlink 128
1 00129U 19029BR  18161.59692852  .00001103  00000-0  33518-4 0  9995
2 00129 53.00000  72.7036 0003481 299.7327  43.3331 15.05527065  1770
Starlink 129
1 00130U 19029BR  18161.59692852  .00001103  00000-0  33518-4 0  9997
2 00130 53.00000  72.7036 0003481 299.7327  57.3331 15.05527065  1777
Starlink 130
1 00131U 19029BR  18161.59692852  .00001103  00000-0  33518-4 0  9998
2 00131 53.00000  72.7036 0003481 299.7327  72.3331 15.05527065  1775
Starlink 131
1 00132U 19029BR  18161.59692852  .00001103  00000-0  33518-4 0  9999
2 00132 53.00000  72.7036 0003481 299.7327  86.3331 15.05527065  1771
Starlink 132
1 00133U 19029BR  18161.59692852  .00001103  00000-0  33518-4 0  9990
2 00133 53.00000  72.7036 0003481 299.7327 100.3331 15.05527065  1779
Starlink 133
1 00134U 19029BR  18161.59692852  .00001103  00000-0  33518-4 0  9991
2 00134 53.00000  72.7036 0003481 299.7327 115.3331 15.05527065  1776
Starlink 134
1 00135U 19029BR  18161.59692852  .00001103  00000-0  33518-4 0  9992
2 00135 53.00000  72.7036 0003481 299.7327 129.3331 15.05527065  1772
Starlink 135
1 00136U 19029BR  18161.59692852  .00001103  00000-0  33518-4 0  9993
2 00136 53.00000  72.7036 0003481 299.7327 144.3331 15.05527065  1770
Starlink 136
1 00137U 19029BR  18161.59692852  .00001103  00000-0  33518-4 0  9994
2 00137 53.00000  72.7036 0003481 299.7327 158.3331 15.05527065  1776
Starlink 137
1 00138U 19029BR  18161.59692852  .00001103  00000-0  33518-4 0  9995
2 00138 53.00000  72.7036 0003481 299.7327 172.3331 15.05527065  1773
Starlink 138
1 00139U 19029BR  18161.59692852  .00001103  00000-0  33518-4 0  9996
2 00139 53.00000  72.7036 0003481 299.7327 187.3331 15.05527065  1770
Starlink 139
1 00140U 19029BR  18161.59692852  .00001103  00000-0  33518-4 0  9998
2 00140 53.00000  72.7036 0003481 299.7327 201.3331 15.05527065  1779
Starlink 140
1 00141U 19029BR  18161.59692852  .00001103  00000-0  33518-4 0  9999
2 00141 53.00000  72.7036 0003481 299.7327 216.3331 15.05527065  1776
Starlink 141
1 00142U 19029BR  18161.59692852  .00001103  00000-0  33518-4 0  9990
2 00142 53.00000  72.7036 0003481 299.7327 230.3331 15.05527065  1773
Starlink 142
1 00143U 19029BR  18161.59692852  .00001103  00000-0  33518-4 0  9991
2 00143 53.00000  72.7036 0003481 299.7327 244.3331 15.05527065  1779
Starlink 143
1 00144U 19029BR  18161.59692852  .00001103  00000-0  33518-4 0  9992
2 00144 53.00000  72.7036 0003481 299.7327 259.3331 15.05527065  1776
Starlink 144
1 00145U 19029BR  18161.59692852  .00001103  00000-0  33518-4 0  9993
2 00145 53.00000  72.7036 0003481 299.7327 273.3331 15.05527065  1773
Starlink 145
1 00146U 19029BR  18161.59692852  .00001103  00000-0  33518-4 0  9994
2 00146 53.00000  72.7036 0003481 299.7327 288.3331 15.05527065  1770
Starlink 146
1 00147U 19029BR  18161.59692852  .00001103  00000-0  33518-4 0  9995
2 00147 53.00000  72.7036 0003481 299.7327 302.3331 15.05527065  1778
Starlink 147
1 00148U 19029BR  18161.59692852  .00001103  00000-0  33518-4 0  9996
2 00148 53.00000  72.7036 0003481 299.7327 316.3331 15.05527065  1774
Starlink 148
1 00149U 19029BR  18161.59692852  .00001103  00000-0  33518-4 0  9997
2 00149 53.00000  72.7036 0003481 299.7327 331.3331 15.05527065  1772
Starlink 149
1 00150U 19029BR  18161.59692852  .00001103  00000-0  33518-4 0  9999
2 00150 53.00000  72.7036 0003481 299.7327 345.3331 15.05527065  1779
Starlink 150
1 00151U 19029BR  18161.59692852  .00001103  00000-0  33518-4 0  9990
2 00151 53.00000  86.7036 0003481 299.7327   0.3331 15.05527065  1773
Starlink 151
1 00152U 19029BR  18161.59692852  .00001103  00000-0  33518-4 0  9991
2 00152 53.00000  86.7036 0003481 299.7327  14.3331 15.05527065  1779
Starlink 152
1 00153U 19029BR  18161.59692852  .00001103  00000-0  33518-4 0  9992
2 00153 53.00000  86.7036 0003481 299.7327  28.3331 15.05527065  1775
Starlink 153
1 00154U 19029BR  18161.59692852  .00001103  00000-0  33518-4 0  9993
2 00154 53.00000  86.7036 0003481 299.7327  43.3331 15.05527065  1773
Starlink 154
1 00155U 19029BR  18161.59692852  .00001103  00000-0  33518-4 0  9994
2 00155 53.00000  86.7036 0003481 299.7327  57.3331 15.05527065  1779
Starlink 155
1 00156U 19029BR  18161.59692852  .00001103  00000-0  33518-4 0  9995
2 00156 53.00000  86.7036 0003481 299.7327  72.3331 15.05527065  1777
Starlink 156
1 00157U 19029BR  18161.59692852  .00001103  00000-0  33518-4 0  9996
2 00157 53.00000  86.7036 0003481 299.7327  86.3331 15.05527065  1773
Starlink 157
1 00158U 19029BR  18161.59692852  .00001103  00000-0  33518-4 0  9997
2 00158 53.00000  86.7036 0003481 299.7327 100.3331 15.05527065  1771
Starlink 158
1 00159U 19029BR  18161.59692852  .00001103  00000-0  33518-4 0  9998
2 00159 53.00000  86.7036 0003481 299.7327 115.3331 15.05527065  1778
Starlink 159
1 00160U 19029BR  18161.59692852  .00001103  00000-0  33518-4 0  9990
2 00160 53.00000  86.7036 0003481 299.7327 129.3331 15.05527065  1775
Starlink 160
1 00161U 19029BR  18161.59692852  .00001103  00000-0  33518-4 0  9991
2 00161 53.00000  86.7036 0003481 299.7327 144.3331 15.05527065  1773
Starlink 161
1 00162U 19029BR  18161.59692852  .00001103  00000-0  33518-4 0  9992
2 00162 53.00000  86.7036 0003481 299.7327 158.3331 15.05527065  1779
Starlink 162
1 00163U 19029BR  18161.59692852  .00001103  00000-0  33518-4 0  9993
2 00163 53.00000  86.7036 0003481 299.7327 172.3331 15.05527065  1776
Starlink 163
1 00164U 19029BR  18161.59692852  .00001103  00000-0  33518-4 0  9994
2 00164 53.00000  86.7036 0003481 299.7327 187.3331 15.05527065  1773
Starlink 164
1 00165U 19029BR  18161.59692852  .00001103  00000-0  33518-4 0  9995
2 00165 53.00000  86.7036 0003481 299.7327 201.3331 15.05527065  1771
Starlink 165
1 00166U 19029BR  18161.59692852  .00001103  00000-0  33518-4 0  9996
2 00166 53.00000  86.7036 0003481 299.7327 216.3331 15.05527065  1778
Starlink 166
1 00167U 19029BR  18161.59692852  .00001103  00000-0  33518-4 0  9997
2 00167 53.00000  86.7036 0003481 299.7327 230.3331 15.05527065  1775
Starlink 167
1 00168U 19029BR  18161.59692852  .00001103  00000-0  33518-4 0  9998
2 00168 53.00000  86.7036 0003481 299.7327 244.3331 15.05527065  1771
Starlink 168
1 00169U 19029BR  18161.59692852  .00001103  00000-0  33518-4 0  9999
2 00169 53.00000  86.7036 0003481 299.7327 259.3331 15.05527065  1778
Starlink 169
1 00170U 19029BR  18161.59692852  .00001103  00000-0  33518-4 0  9991
2 00170 53.00000  86.7036 0003481 299.7327 273.3331 15.05527065  1776
Starlink 170
1 00171U 19029BR  18161.59692852  .00001103  00000-0  33518-4 0  9992
2 00171 53.00000  86.7036 0003481 299.7327 288.3331 15.05527065  1773
Starlink 171
1 00172U 19029BR  18161.59692852  .00001103  00000-0  33518-4 0  9993
2 00172 53.00000  86.7036 0003481 299.7327 302.3331 15.05527065  1771
Starlink 172
1 00173U 19029BR  18161.59692852  .00001103  00000-0  33518-4 0  9994
2 00173 53.00000  86.7036 0003481 299.7327 316.3331 15.05527065  1777
Starlink 173
1 00174U 19029BR  18161.59692852  .00001103  00000-0  33518-4 0  9995
2 00174 53.00000  86.7036 0003481 299.7327 331.3331 15.05527065  1775
Starlink 174
1 00175U 19029BR  18161.59692852  .00001103  00000-0  33518-4 0  9996
2 00175 53.00000  86.7036 0003481 299.7327 345.3331 15.05527065  1771
Starlink 175
1 00176U 19029BR  18161.59692852  .00001103  00000-0  33518-4 0  9997
2 00176 53.00000 100.7036 0003481 299.7327   0.3331 15.05527065  1777
Starlink 176
1 00177U 19029BR  18161.59692852  .00001103  00000-0  33518-4 0  9998
2 00177 53.00000 100.7036 0003481 299.7327  14.3331 15.05527065  1773
Starlink 177
1 00178U 19029BR  18161.59692852  .00001103  00000-0  33518-4 0  9999
2 00178 53.00000 100.7036 0003481 299.7327  28.3331 15.05527065  1779
Starlink 178
1 00179U 19029BR  18161.59692852  .00001103  00000-0  33518-4 0  9990
2 00179 53.00000 100.7036 0003481 299.7327  43.3331 15.05527065  1777
Starlink 179
1 00180U 19029BR  18161.59692852  .00001103  00000-0  33518-4 0  9992
2 00180 53.00000 100.7036 0003481 299.7327  57.3331 15.05527065  1774
Starlink 180
1 00181U 19029BR  18161.59692852  .00001103  00000-0  33518-4 0  9993
2 00181 53.00000 100.7036 0003481 299.7327  72.3331 15.05527065  1772
Starlink 181
1 00182U 19029BR  18161.59692852  .00001103  00000-0  33518-4 0  9994
2 00182 53.00000 100.7036 0003481 299.7327  86.3331 15.05527065  1778
Starlink 182
1 00183U 19029BR  18161.59692852  .00001103  00000-0  33518-4 0  9995
2 00183 53.00000 100.7036 0003481 299.7327 100.3331 15.05527065  1776
Starlink 183
1 00184U 19029BR  18161.59692852  .00001103  00000-0  33518-4 0  9996
2 00184 53.00000 100.7036 0003481 299.7327 115.3331 15.05527065  1773
Starlink 184
1 00185U 19029BR  18161.59692852  .00001103  00000-0  33518-4 0  9997
2 00185 53.00000 100.7036 0003481 299.7327 129.3331 15.05527065  1779
Starlink 185
1 00186U 19029BR  18161.59692852  .00001103  00000-0  33518-4 0  9998
2 00186 53.00000 100.7036 0003481 299.7327 144.3331 15.05527065  1777
Starlink 186
1 00187U 19029BR  18161.59692852  .00001103  00000-0  33518-4 0  9999
2 00187 53.00000 100.7036 0003481 299.7327 158.3331 15.05527065  1773
Starlink 187
1 00188U 19029BR  18161.59692852  .00001103  00000-0  33518-4 0  9990
2 00188 53.00000 100.7036 0003481 299.7327 172.3331 15.05527065  1770
Starlink 188
1 00189U 19029BR  18161.59692852  .00001103  00000-0  33518-4 0  9991
2 00189 53.00000 100.7036 0003481 299.7327 187.3331 15.05527065  1777
Starlink 189
1 00190U 19029BR  18161.59692852  .00001103  00000-0  33518-4 0  9993
2 00190 53.00000 100.7036 0003481 299.7327 201.3331 15.05527065  1776
Starlink 190
1 00191U 19029BR  18161.59692852  .00001103  00000-0  33518-4 0  9994
2 00191 53.00000 100.7036 0003481 299.7327 216.3331 15.05527065  1773
Starlink 191
1 00192U 19029BR  18161.59692852  .00001103  00000-0  33518-4 0  9995
2 00192 53.00000 100.7036 0003481 299.7327 230.3331 15.05527065  1770
Starlink 192
1 00193U 19029BR  18161.59692852  .00001103  00000-0  33518-4 0  9996
2 00193 53.00000 100.7036 0003481 299.7327 244.3331 15.05527065  1776
Starlink 193
1 00194U 19029BR  18161.59692852  .00001103  00000-0  33518-4 0  9997
2 00194 53.00000 100.7036 0003481 299.7327 259.3331 15.05527065  1773
Starlink 194
1 00195U 19029BR  18161.59692852  .00001103  00000-0  33518-4 0  9998
2 00195 53.00000 100.7036 0003481 299.7327 273.3331 15.05527065  1770
Starlink 195
1 00196U 19029BR  18161.59692852  .00001103  00000-0  33518-4 0  9999
2 00196 53.00000 100.7036 0003481 299.7327 288.3331 15.05527065  1777
Starlink 196
1 00197U 19029BR  18161.59692852  .00001103  00000-0  33518-4 0  9990
2 00197 53.00000 100.7036 0003481 299.7327 302.3331 15.05527065  1775
Starlink 197
1 00198U 19029BR  18161.59692852  .00001103  00000-0  33518-4 0  9991
2 00198 53.00000 100.7036 0003481 299.7327 316.3331 15.05527065  1771
Starlink 198
1 00199U 19029BR  18161.59692852  .00001103  00000-0  33518-4 0  9992
2 00199 53.00000 100.7036 0003481 299.7327 331.3331 15.05527065  1779
Starlink 199
1 00200U 19029BR  18161.59692852  .00001103  00000-0  33518-4 0  9995
2 00200 53.00000 100.7036 0003481 299.7327 345.3331 15.05527065  1777
Starlink 200
1 00201U 19029BR  18161.59692852  .00001103  00000-0  33518-4 0  9996
2 00201 53.00000 115.7036 0003481 299.7327   0.3331 15.05527065  1772
Starlink 201
1 00202U 19029BR  18161.59692852  .00001103  00000-0  33518-4 0  9997
2 00202 53.00000 115.7036 0003481 299.7327  14.3331 15.05527065  1778
Starlink 202
1 00203U 19029BR  18161.59692852  .00001103  00000-0  33518-4 0  9998
2 00203 53.00000 115.7036 0003481 299.7327  28.3331 15.05527065  1774
Starlink 203
1 00204U 19029BR  18161.59692852  .00001103  00000-0  33518-4 0  9999
2 00204 53.00000 115.7036 0003481 299.7327  43.3331 15.05527065  1772
Starlink 204
1 00205U 19029BR  18161.59692852  .00001103  00000-0  33518-4 0  9990
2 00205 53.00000 115.7036 0003481 299.7327  57.3331 15.05527065  1778
Starlink 205
1 00206U 19029BR  18161.59692852  .00001103  00000-0  33518-4 0  9991
2 00206 53.00000 115.7036 0003481 299.7327  72.3331 15.05527065  1776
Starlink 206
1 00207U 19029BR  18161.59692852  .00001103  00000-0  33518-4 0  9992
2 00207 53.00000 115.7036 0003481 299.7327  86.3331 15.05527065  1772
Starlink 207
1 00208U 19029BR  18161.59692852  .00001103  00000-0  33518-4 0  9993
2 00208 53.00000 115.7036 0003481 299.7327 100.3331 15.05527065  1770
Starlink 208
1 00209U 19029BR  18161.59692852  .00001103  00000-0  33518-4 0  9994
2 00209 53.00000 115.7036 0003481 299.7327 115.3331 15.05527065  1777
Starlink 209
1 00210U 19029BR  18161.59692852  .00001103  00000-0  33518-4 0  9996
2 00210 53.00000 115.7036 0003481 299.7327 129.3331 15.05527065  1774
Starlink 210
1 00211U 19029BR  18161.59692852  .00001103  00000-0  33518-4 0  9997
2 00211 53.00000 115.7036 0003481 299.7327 144.3331 15.05527065  1772
Starlink 211
1 00212U 19029BR  18161.59692852  .00001103  00000-0  33518-4 0  9998
2 00212 53.00000 115.7036 0003481 299.7327 158.3331 15.05527065  1778
Starlink 212
1 00213U 19029BR  18161.59692852  .00001103  00000-0  33518-4 0  9999
2 00213 53.00000 115.7036 0003481 299.7327 172.3331 15.05527065  1775
Starlink 213
1 00214U 19029BR  18161.59692852  .00001103  00000-0  33518-4 0  9990
2 00214 53.00000 115.7036 0003481 299.7327 187.3331 15.05527065  1772
Starlink 214
1 00215U 19029BR  18161.59692852  .00001103  00000-0  33518-4 0  9991
2 00215 53.00000 115.7036 0003481 299.7327 201.3331 15.05527065  1770
Starlink 215
1 00216U 19029BR  18161.59692852  .00001103  00000-0  33518-4 0  9992
2 00216 53.00000 115.7036 0003481 299.7327 216.3331 15.05527065  1777
Starlink 216
1 00217U 19029BR  18161.59692852  .00001103  00000-0  33518-4 0  9993
2 00217 53.00000 115.7036 0003481 299.7327 230.3331 15.05527065  1774
Starlink 217
1 00218U 19029BR  18161.59692852  .00001103  00000-0  33518-4 0  9994
2 00218 53.00000 115.7036 0003481 299.7327 244.3331 15.05527065  1770
Starlink 218
1 00219U 19029BR  18161.59692852  .00001103  00000-0  33518-4 0  9995
2 00219 53.00000 115.7036 0003481 299.7327 259.3331 15.05527065  1777
Starlink 219
1 00220U 19029BR  18161.59692852  .00001103  00000-0  33518-4 0  9997
2 00220 53.00000 115.7036 0003481 299.7327 273.3331 15.05527065  1775
Starlink 220
1 00221U 19029BR  18161.59692852  .00001103  00000-0  33518-4 0  9998
2 00221 53.00000 115.7036 0003481 299.7327 288.3331 15.05527065  1772
Starlink 221
1 00222U 19029BR  18161.59692852  .00001103  00000-0  33518-4 0  9999
2 00222 53.00000 115.7036 0003481 299.7327 302.3331 15.05527065  1770
Starlink 222
1 00223U 19029BR  18161.59692852  .00001103  00000-0  33518-4 0  9990
2 00223 53.00000 115.7036 0003481 299.7327 316.3331 15.05527065  1776
Starlink 223
1 00224U 19029BR  18161.59692852  .00001103  00000-0  33518-4 0  9991
2 00224 53.00000 115.7036 0003481 299.7327 331.3331 15.05527065  1774
Starlink 224
1 00225U 19029BR  18161.59692852  .00001103  00000-0  33518-4 0  9992
2 00225 53.00000 115.7036 0003481 299.7327 345.3331 15.05527065  1770
Starlink 225
1 00226U 19029BR  18161.59692852  .00001103  00000-0  33518-4 0  9993
2 00226 53.00000 129.7036 0003481 299.7327   0.3331 15.05527065  1774
Starlink 226
1 00227U 19029BR  18161.59692852  .00001103  00000-0  33518-4 0  9994
2 00227 53.00000 129.7036 0003481 299.7327  14.3331 15.05527065  1770
Starlink 227
1 00228U 19029BR  18161.59692852  .00001103  00000-0  33518-4 0  9995
2 00228 53.00000 129.7036 0003481 299.7327  28.3331 15.05527065  1776
Starlink 228
1 00229U 19029BR  18161.59692852  .00001103  00000-0  33518-4 0  9996
2 00229 53.00000 129.7036 0003481 299.7327  43.3331 15.05527065  1774
Starlink 229
1 00230U 19029BR  18161.59692852  .00001103  00000-0  33518-4 0  9998
2 00230 53.00000 129.7036 0003481 299.7327  57.3331 15.05527065  1771
Starlink 230
1 00231U 19029BR  18161.59692852  .00001103  00000-0  33518-4 0  9999
2 00231 53.00000 129.7036 0003481 299.7327  72.3331 15.05527065  1779
Starlink 231
1 00232U 19029BR  18161.59692852  .00001103  00000-0  33518-4 0  9990
2 00232 53.00000 129.7036 0003481 299.7327  86.3331 15.05527065  1775
Starlink 232
1 00233U 19029BR  18161.59692852  .00001103  00000-0  33518-4 0  9991
2 00233 53.00000 129.7036 0003481 299.7327 100.3331 15.05527065  1773
Starlink 233
1 00234U 19029BR  18161.59692852  .00001103  00000-0  33518-4 0  9992
2 00234 53.00000 129.7036 0003481 299.7327 115.3331 15.05527065  1770
Starlink 234
1 00235U 19029BR  18161.59692852  .00001103  00000-0  33518-4 0  9993
2 00235 53.00000 129.7036 0003481 299.7327 129.3331 15.05527065  1776
Starlink 235
1 00236U 19029BR  18161.59692852  .00001103  00000-0  33518-4 0  9994
2 00236 53.00000 129.7036 0003481 299.7327 144.3331 15.05527065  1774
Starlink 236
1 00237U 19029BR  18161.59692852  .00001103  00000-0  33518-4 0  9995
2 00237 53.00000 129.7036 0003481 299.7327 158.3331 15.05527065  1770
Starlink 237
1 00238U 19029BR  18161.59692852  .00001103  00000-0  33518-4 0  9996
2 00238 53.00000 129.7036 0003481 299.7327 172.3331 15.05527065  1777
Starlink 238
1 00239U 19029BR  18161.59692852  .00001103  00000-0  33518-4 0  9997
2 00239 53.00000 129.7036 0003481 299.7327 187.3331 15.05527065  1774
Starlink 239
1 00240U 19029BR  18161.59692852  .00001103  00000-0  33518-4 0  9999
2 00240 53.00000 129.7036 0003481 299.7327 201.3331 15.05527065  1773
Starlink 240
1 00241U 19029BR  18161.59692852  .00001103  00000-0  33518-4 0  9990
2 00241 53.00000 129.7036 0003481 299.7327 216.3331 15.05527065  1770
Starlink 241
1 00242U 19029BR  18161.59692852  .00001103  00000-0  33518-4 0  9991
2 00242 53.00000 129.7036 0003481 299.7327 230.3331 15.05527065  1777
Starlink 242
1 00243U 19029BR  18161.59692852  .00001103  00000-0  33518-4 0  9992
2 00243 53.00000 129.7036 0003481 299.7327 244.3331 15.05527065  1773
Starlink 243
1 00244U 19029BR  18161.59692852  .00001103  00000-0  33518-4 0  9993
2 00244 53.00000 129.7036 0003481 299.7327 259.3331 15.05527065  1770
Starlink 244
1 00245U 19029BR  18161.59692852  .00001103  00000-0  33518-4 0  9994
2 00245 53.00000 129.7036 0003481 299.7327 273.3331 15.05527065  1777
Starlink 245
1 00246U 19029BR  18161.59692852  .00001103  00000-0  33518-4 0  9995
2 00246 53.00000 129.7036 0003481 299.7327 288.3331 15.05527065  1774
Starlink 246
1 00247U 19029BR  18161.59692852  .00001103  00000-0  33518-4 0  9996
2 00247 53.00000 129.7036 0003481 299.7327 302.3331 15.05527065  1772
Starlink 247
1 00248U 19029BR  18161.59692852  .00001103  00000-0  33518-4 0  9997
2 00248 53.00000 129.7036 0003481 299.7327 316.3331 15.05527065  1778
Starlink 248
1 00249U 19029BR  18161.59692852  .00001103  00000-0  33518-4 0  9998
2 00249 53.00000 129.7036 0003481 299.7327 331.3331 15.05527065  1776
Starlink 249
1 00250U 19029BR  18161.59692852  .00001103  00000-0  33518-4 0  9990
2 00250 53.00000 129.7036 0003481 299.7327 345.3331 15.05527065  1773
Starlink 250
1 00251U 19029BR  18161.59692852  .00001103  00000-0  33518-4 0  9991
2 00251 53.00000 144.7036 0003481 299.7327   0.3331 15.05527065  1779
Starlink 251
1 00252U 19029BR  18161.59692852  .00001103  00000-0  33518-4 0  9992
2 00252 53.00000 144.7036 0003481 299.7327  14.3331 15.05527065  1775
Starlink 252
1 00253U 19029BR  18161.59692852  .00001103  00000-0  33518-4 0  9993
2 00253 53.00000 144.7036 0003481 299.7327  28.3331 15.05527065  1771
Starlink 253
1 00254U 19029BR  18161.59692852  .00001103  00000-0  33518-4 0  9994
2 00254 53.00000 144.7036 0003481 299.7327  43.3331 15.05527065  1779
Starlink 254
1 00255U 19029BR  18161.59692852  .00001103  00000-0  33518-4 0  9995
2 00255 53.00000 144.7036 0003481 299.7327  57.3331 15.05527065  1775
Starlink 255
1 00256U 19029BR  18161.59692852  .00001103  00000-0  33518-4 0  9996
2 00256 53.00000 144.7036 0003481 299.7327  72.3331 15.05527065  1773
Starlink 256
1 00257U 19029BR  18161.59692852  .00001103  00000-0  33518-4 0  9997
2 00257 53.00000 144.7036 0003481 299.7327  86.3331 15.05527065  1779
Starlink 257
1 00258U 19029BR  18161.59692852  .00001103  00000-0  33518-4 0  9998
2 00258 53.00000 144.7036 0003481 299.7327 100.3331 15.05527065  1777
Starlink 258
1 00259U 19029BR  18161.59692852  .00001103  00000-0  33518-4 0  9999
2 00259 53.00000 144.7036 0003481 299.7327 115.3331 15.05527065  1774
Starlink 259
1 00260U 19029BR  18161.59692852  .00001103  00000-0  33518-4 0  9991
2 00260 53.00000 144.7036 0003481 299.7327 129.3331 15.05527065  1771
Starlink 260
1 00261U 19029BR  18161.59692852  .00001103  00000-0  33518-4 0  9992
2 00261 53.00000 144.7036 0003481 299.7327 144.3331 15.05527065  1779
Starlink 261
1 00262U 19029BR  18161.59692852  .00001103  00000-0  33518-4 0  9993
2 00262 53.00000 144.7036 0003481 299.7327 158.3331 15.05527065  1775
Starlink 262
1 00263U 19029BR  18161.59692852  .00001103  00000-0  33518-4 0  9994
2 00263 53.00000 144.7036 0003481 299.7327 172.3331 15.05527065  1772
Starlink 263
1 00264U 19029BR  18161.59692852  .00001103  00000-0  33518-4 0  9995
2 00264 53.00000 144.7036 0003481 299.7327 187.3331 15.05527065  1779
Starlink 264
1 00265U 19029BR  18161.59692852  .00001103  00000-0  33518-4 0  9996
2 00265 53.00000 144.7036 0003481 299.7327 201.3331 15.05527065  1777
Starlink 265
1 00266U 19029BR  18161.59692852  .00001103  00000-0  33518-4 0  9997
2 00266 53.00000 144.7036 0003481 299.7327 216.3331 15.05527065  1774
Starlink 266
1 00267U 19029BR  18161.59692852  .00001103  00000-0  33518-4 0  9998
2 00267 53.00000 144.7036 0003481 299.7327 230.3331 15.05527065  1771
Starlink 267
1 00268U 19029BR  18161.59692852  .00001103  00000-0  33518-4 0  9999
2 00268 53.00000 144.7036 0003481 299.7327 244.3331 15.05527065  1777
Starlink 268
1 00269U 19029BR  18161.59692852  .00001103  00000-0  33518-4 0  9990
2 00269 53.00000 144.7036 0003481 299.7327 259.3331 15.05527065  1774
Starlink 269
1 00270U 19029BR  18161.59692852  .00001103  00000-0  33518-4 0  9992
2 00270 53.00000 144.7036 0003481 299.7327 273.3331 15.05527065  1772
Starlink 270
1 00271U 19029BR  18161.59692852  .00001103  00000-0  33518-4 0  9993
2 00271 53.00000 144.7036 0003481 299.7327 288.3331 15.05527065  1779
Starlink 271
1 00272U 19029BR  18161.59692852  .00001103  00000-0  33518-4 0  9994
2 00272 53.00000 144.7036 0003481 299.7327 302.3331 15.05527065  1777
Starlink 272
1 00273U 19029BR  18161.59692852  .00001103  00000-0  33518-4 0  9995
2 00273 53.00000 144.7036 0003481 299.7327 316.3331 15.05527065  1773
Starlink 273
1 00274U 19029BR  18161.59692852  .00001103  00000-0  33518-4 0  9996
2 00274 53.00000 144.7036 0003481 299.7327 331.3331 15.05527065  1771
Starlink 274
1 00275U 19029BR  18161.59692852  .00001103  00000-0  33518-4 0  9997
2 00275 53.00000 144.7036 0003481 299.7327 345.3331 15.05527065  1777
Starlink 275
1 00276U 19029BR  18161.59692852  .00001103  00000-0  33518-4 0  9998
2 00276 53.00000 158.7036 0003481 299.7327   0.3331 15.05527065  1771
Starlink 276
1 00277U 19029BR  18161.59692852  .00001103  00000-0  33518-4 0  9999
2 00277 53.00000 158.7036 0003481 299.7327  14.3331 15.05527065  1777
Starlink 277
1 00278U 19029BR  18161.59692852  .00001103  00000-0  33518-4 0  9990
2 00278 53.00000 158.7036 0003481 299.7327  28.3331 15.05527065  1773
Starlink 278
1 00279U 19029BR  18161.59692852  .00001103  00000-0  33518-4 0  9991
2 00279 53.00000 158.7036 0003481 299.7327  43.3331 15.05527065  1771
Starlink 279
1 00280U 19029BR  18161.59692852  .00001103  00000-0  33518-4 0  9993
2 00280 53.00000 158.7036 0003481 299.7327  57.3331 15.05527065  1778
Starlink 280
1 00281U 19029BR  18161.59692852  .00001103  00000-0  33518-4 0  9994
2 00281 53.00000 158.7036 0003481 299.7327  72.3331 15.05527065  1776
Starlink 281
1 00282U 19029BR  18161.59692852  .00001103  00000-0  33518-4 0  9995
2 00282 53.00000 158.7036 0003481 299.7327  86.3331 15.05527065  1772
Starlink 282
1 00283U 19029BR  18161.59692852  .00001103  00000-0  33518-4 0  9996
2 00283 53.00000 158.7036 0003481 299.7327 100.3331 15.05527065  1770
Starlink 283
1 00284U 19029BR  18161.59692852  .00001103  00000-0  33518-4 0  9997
2 00284 53.00000 158.7036 0003481 299.7327 115.3331 15.05527065  1777
Starlink 284
1 00285U 19029BR  18161.59692852  .00001103  00000-0  33518-4 0  9998
2 00285 53.00000 158.7036 0003481 299.7327 129.3331 15.05527065  1773
Starlink 285
1 00286U 19029BR  18161.59692852  .00001103  00000-0  33518-4 0  9999
2 00286 53.00000 158.7036 0003481 299.7327 144.3331 15.05527065  1771
Starlink 286
1 00287U 19029BR  18161.59692852  .00001103  00000-0  33518-4 0  9990
2 00287 53.00000 158.7036 0003481 299.7327 158.3331 15.05527065  1777
Starlink 287
1 00288U 19029BR  18161.59692852  .00001103  00000-0  33518-4 0  9991
2 00288 53.00000 158.7036 0003481 299.7327 172.3331 15.05527065  1774
Starlink 288
1 00289U 19029BR  18161.59692852  .00001103  00000-0  33518-4 0  9992
2 00289 53.00000 158.7036 0003481 299.7327 187.3331 15.05527065  1771
Starlink 289
1 00290U 19029BR  18161.59692852  .00001103  00000-0  33518-4 0  9994
2 00290 53.00000 158.7036 0003481 299.7327 201.3331 15.05527065  1770
Starlink 290
1 00291U 19029BR  18161.59692852  .00001103  00000-0  33518-4 0  9995
2 00291 53.00000 158.7036 0003481 299.7327 216.3331 15.05527065  1777
Starlink 291
1 00292U 19029BR  18161.59692852  .00001103  00000-0  33518-4 0  9996
2 00292 53.00000 158.7036 0003481 299.7327 230.3331 15.05527065  1774
Starlink 292
1 00293U 19029BR  18161.59692852  .00001103  00000-0  33518-4 0  9997
2 00293 53.00000 158.7036 0003481 299.7327 244.3331 15.05527065  1770
Starlink 293
1 00294U 19029BR  18161.59692852  .00001103  00000-0  33518-4 0  9998
2 00294 53.00000 158.7036 0003481 299.7327 259.3331 15.05527065  1777
Starlink 294
1 00295U 19029BR  18161.59692852  .00001103  00000-0  33518-4 0  9999
2 00295 53.00000 158.7036 0003481 299.7327 273.3331 15.05527065  1774
Starlink 295
1 00296U 19029BR  18161.59692852  .00001103  00000-0  33518-4 0  9990
2 00296 53.00000 158.7036 0003481 299.7327 288.3331 15.05527065  1771
Starlink 296
1 00297U 19029BR  18161.59692852  .00001103  00000-0  33518-4 0  9991
2 00297 53.00000 158.7036 0003481 299.7327 302.3331 15.05527065  1779
Starlink 297
1 00298U 19029BR  18161.59692852  .00001103  00000-0  33518-4 0  9992
2 00298 53.00000 158.7036 0003481 299.7327 316.3331 15.05527065  1775
Starlink 298
1 00299U 19029BR  18161.59692852  .00001103  00000-0  33518-4 0  9993
2 00299 53.00000 158.7036 0003481 299.7327 331.3331 15.05527065  1773
Starlink 299
1 00300U 19029BR  18161.59692852  .00001103  00000-0  33518-4 0  9996
2 00300 53.00000 158.7036 0003481 299.7327 345.3331 15.05527065  1771
Starlink 300
1 00301U 19029BR  18161.59692852  .00001103  00000-0  33518-4 0  9997
2 00301 53.00000 172.7036 0003481 299.7327   0.3331 15.05527065  1776
Starlink 301
1 00302U 19029BR  18161.59692852  .00001103  00000-0  33518-4 0  9998
2 00302 53.00000 172.7036 0003481 299.7327  14.3331 15.05527065  1772
Starlink 302
1 00303U 19029BR  18161.59692852  .00001103  00000-0  33518-4 0  9999
2 00303 53.00000 172.7036 0003481 299.7327  28.3331 15.05527065  1778
Starlink 303
1 00304U 19029BR  18161.59692852  .00001103  00000-0  33518-4 0  9990
2 00304 53.00000 172.7036 0003481 299.7327  43.3331 15.05527065  1776
Starlink 304
1 00305U 19029BR  18161.59692852  .00001103  00000-0  33518-4 0  9991
2 00305 53.00000 172.7036 0003481 299.7327  57.3331 15.05527065  1772
Starlink 305
1 00306U 19029BR  18161.59692852  .00001103  00000-0  33518-4 0  9992
2 00306 53.00000 172.7036 0003481 299.7327  72.3331 15.05527065  1770
Starlink 306
1 00307U 19029BR  18161.59692852  .00001103  00000-0  33518-4 0  9993
2 00307 53.00000 172.7036 0003481 299.7327  86.3331 15.05527065  1776
Starlink 307
1 00308U 19029BR  18161.59692852  .00001103  00000-0  33518-4 0  9994
2 00308 53.00000 172.7036 0003481 299.7327 100.3331 15.05527065  1774
Starlink 308
1 00309U 19029BR  18161.59692852  .00001103  00000-0  33518-4 0  9995
2 00309 53.00000 172.7036 0003481 299.7327 115.3331 15.05527065  1771
Starlink 309
1 00310U 19029BR  18161.59692852  .00001103  00000-0  33518-4 0  9997
2 00310 53.00000 172.7036 0003481 299.7327 129.3331 15.05527065  1778
Starlink 310
1 00311U 19029BR  18161.59692852  .00001103  00000-0  33518-4 0  9998
2 00311 53.00000 172.7036 0003481 299.7327 144.3331 15.05527065  1776
Starlink 311
1 00312U 19029BR  18161.59692852  .00001103  00000-0  33518-4 0  9999
2 00312 53.00000 172.7036 0003481 299.7327 158.3331 15.05527065  1772
Starlink 312
1 00313U 19029BR  18161.59692852  .00001103  00000-0  33518-4 0  9990
2 00313 53.00000 172.7036 0003481 299.7327 172.3331 15.05527065  1779
Starlink 313
1 00314U 19029BR  18161.59692852  .00001103  00000-0  33518-4 0  9991
2 00314 53.00000 172.7036 0003481 299.7327 187.3331 15.05527065  1776
Starlink 314
1 00315U 19029BR  18161.59692852  .00001103  00000-0  33518-4 0  9992
2 00315 53.00000 172.7036 0003481 299.7327 201.3331 15.05527065  1774
Starlink 315
1 00316U 19029BR  18161.59692852  .00001103  00000-0  33518-4 0  9993
2 00316 53.00000 172.7036 0003481 299.7327 216.3331 15.05527065  1771
Starlink 316
1 00317U 19029BR  18161.59692852  .00001103  00000-0  33518-4 0  9994
2 00317 53.00000 172.7036 0003481 299.7327 230.3331 15.05527065  1778
Starlink 317
1 00318U 19029BR  18161.59692852  .00001103  00000-0  33518-4 0  9995
2 00318 53.00000 172.7036 0003481 299.7327 244.3331 15.05527065  1774
Starlink 318
1 00319U 19029BR  18161.59692852  .00001103  00000-0  33518-4 0  9996
2 00319 53.00000 172.7036 0003481 299.7327 259.3331 15.05527065  1771
Starlink 319
1 00320U 19029BR  18161.59692852  .00001103  00000-0  33518-4 0  9998
2 00320 53.00000 172.7036 0003481 299.7327 273.3331 15.05527065  1779
Starlink 320
1 00321U 19029BR  18161.59692852  .00001103  00000-0  33518-4 0  9999
2 00321 53.00000 172.7036 0003481 299.7327 288.3331 15.05527065  1776
Starlink 321
1 00322U 19029BR  18161.59692852  .00001103  00000-0  33518-4 0  9990
2 00322 53.00000 172.7036 0003481 299.7327 302.3331 15.05527065  1774
Starlink 322
1 00323U 19029BR  18161.59692852  .00001103  00000-0  33518-4 0  9991
2 00323 53.00000 172.7036 0003481 299.7327 316.3331 15.05527065  1770
Starlink 323
1 00324U 19029BR  18161.59692852  .00001103  00000-0  33518-4 0  9992
2 00324 53.00000 172.7036 0003481 299.7327 331.3331 15.05527065  1778
Starlink 324
1 00325U 19029BR  18161.59692852  .00001103  00000-0  33518-4 0  9993
2 00325 53.00000 172.7036 0003481 299.7327 345.3331 15.05527065  1774
Starlink 325
1 00326U 19029BR  18161.59692852  .00001103  00000-0  33518-4 0  9994
2 00326 53.00000 187.7036 0003481 299.7327   0.3331 15.05527065  1779
Starlink 326
1 00327U 19029BR  18161.59692852  .00001103  00000-0  33518-4 0  9995
2 00327 53.00000 187.7036 0003481 299.7327  14.3331 15.05527065  1775
Starlink 327
1 00328U 19029BR  18161.59692852  .00001103  00000-0  33518-4 0  9996
2 00328 53.00000 187.7036 0003481 299.7327  28.3331 15.05527065  1771
Starlink 328
1 00329U 19029BR  18161.59692852  .00001103  00000-0  33518-4 0  9997
2 00329 53.00000 187.7036 0003481 299.7327  43.3331 15.05527065  1779
Starlink 329
1 00330U 19029BR  18161.59692852  .00001103  00000-0  33518-4 0  9999
2 00330 53.00000 187.7036 0003481 299.7327  57.3331 15.05527065  1776
Starlink 330
1 00331U 19029BR  18161.59692852  .00001103  00000-0  33518-4 0  9990
2 00331 53.00000 187.7036 0003481 299.7327  72.3331 15.05527065  1774
Starlink 331
1 00332U 19029BR  18161.59692852  .00001103  00000-0  33518-4 0  9991
2 00332 53.00000 187.7036 0003481 299.7327  86.3331 15.05527065  1770
Starlink 332
1 00333U 19029BR  18161.59692852  .00001103  00000-0  33518-4 0  9992
2 00333 53.00000 187.7036 0003481 299.7327 100.3331 15.05527065  1778
Starlink 333
1 00334U 19029BR  18161.59692852  .00001103  00000-0  33518-4 0  9993
2 00334 53.00000 187.7036 0003481 299.7327 115.3331 15.05527065  1775
Starlink 334
1 00335U 19029BR  18161.59692852  .00001103  00000-0  33518-4 0  9994
2 00335 53.00000 187.7036 0003481 299.7327 129.3331 15.05527065  1771
Starlink 335
1 00336U 19029BR  18161.59692852  .00001103  00000-0  33518-4 0  9995
2 00336 53.00000 187.7036 0003481 299.7327 144.3331 15.05527065  1779
Starlink 336
1 00337U 19029BR  18161.59692852  .00001103  00000-0  33518-4 0  9996
2 00337 53.00000 187.7036 0003481 299.7327 158.3331 15.05527065  1775
Starlink 337
1 00338U 19029BR  18161.59692852  .00001103  00000-0  33518-4 0  9997
2 00338 53.00000 187.7036 0003481 299.7327 172.3331 15.05527065  1772
Starlink 338
1 00339U 19029BR  18161.59692852  .00001103  00000-0  33518-4 0  9998
2 00339 53.00000 187.7036 0003481 299.7327 187.3331 15.05527065  1779
Starlink 339
1 00340U 19029BR  18161.59692852  .00001103  00000-0  33518-4 0  9990
2 00340 53.00000 187.7036 0003481 299.7327 201.3331 15.05527065  1778
Starlink 340
1 00341U 19029BR  18161.59692852  .00001103  00000-0  33518-4 0  9991
2 00341 53.00000 187.7036 0003481 299.7327 216.3331 15.05527065  1775
Starlink 341
1 00342U 19029BR  18161.59692852  .00001103  00000-0  33518-4 0  9992
2 00342 53.00000 187.7036 0003481 299.7327 230.3331 15.05527065  1772
Starlink 342
1 00343U 19029BR  18161.59692852  .00001103  00000-0  33518-4 0  9993
2 00343 53.00000 187.7036 0003481 299.7327 244.3331 15.05527065  1778
Starlink 343
1 00344U 19029BR  18161.59692852  .00001103  00000-0  33518-4 0  9994
2 00344 53.00000 187.7036 0003481 299.7327 259.3331 15.05527065  1775
Starlink 344
1 00345U 19029BR  18161.59692852  .00001103  00000-0  33518-4 0  9995
2 00345 53.00000 187.7036 0003481 299.7327 273.3331 15.05527065  1772
Starlink 345
1 00346U 19029BR  18161.59692852  .00001103  00000-0  33518-4 0  9996
2 00346 53.00000 187.7036 0003481 299.7327 288.3331 15.05527065  1779
Starlink 346
1 00347U 19029BR  18161.59692852  .00001103  00000-0  33518-4 0  9997
2 00347 53.00000 187.7036 0003481 299.7327 302.3331 15.05527065  1777
Starlink 347
1 00348U 19029BR  18161.59692852  .00001103  00000-0  33518-4 0  9998
2 00348 53.00000 187.7036 0003481 299.7327 316.3331 15.05527065  1773
Starlink 348
1 00349U 19029BR  18161.59692852  .00001103  00000-0  33518-4 0  9999
2 00349 53.00000 187.7036 0003481 299.7327 331.3331 15.05527065  1771
Starlink 349
1 00350U 19029BR  18161.59692852  .00001103  00000-0  33518-4 0  9991
2 00350 53.00000 187.7036 0003481 299.7327 345.3331 15.05527065  1778
Starlink 350
1 00351U 19029BR  18161.59692852  .00001103  00000-0  33518-4 0  9992
2 00351 53.00000 201.7036 0003481 299.7327   0.3331 15.05527065  1774
Starlink 351
1 00352U 19029BR  18161.59692852  .00001103  00000-0  33518-4 0  9993
2 00352 53.00000 201.7036 0003481 299.7327  14.3331 15.05527065  1770
Starlink 352
1 00353U 19029BR  18161.59692852  .00001103  00000-0  33518-4 0  9994
2 00353 53.00000 201.7036 0003481 299.7327  28.3331 15.05527065  1776
Starlink 353
1 00354U 19029BR  18161.59692852  .00001103  00000-0  33518-4 0  9995
2 00354 53.00000 201.7036 0003481 299.7327  43.3331 15.05527065  1774
Starlink 354
1 00355U 19029BR  18161.59692852  .00001103  00000-0  33518-4 0  9996
2 00355 53.00000 201.7036 0003481 299.7327  57.3331 15.05527065  1770
Starlink 355
1 00356U 19029BR  18161.59692852  .00001103  00000-0  33518-4 0  9997
2 00356 53.00000 201.7036 0003481 299.7327  72.3331 15.05527065  1778
Starlink 356
1 00357U 19029BR  18161.59692852  .00001103  00000-0  33518-4 0  9998
2 00357 53.00000 201.7036 0003481 299.7327  86.3331 15.05527065  1774
Starlink 357
1 00358U 19029BR  18161.59692852  .00001103  00000-0  33518-4 0  9999
2 00358 53.00000 201.7036 0003481 299.7327 100.3331 15.05527065  1772
Starlink 358
1 00359U 19029BR  18161.59692852  .00001103  00000-0  33518-4 0  9990
2 00359 53.00000 201.7036 0003481 299.7327 115.3331 15.05527065  1779
Starlink 359
1 00360U 19029BR  18161.59692852  .00001103  00000-0  33518-4 0  9992
2 00360 53.00000 201.7036 0003481 299.7327 129.3331 15.05527065  1776
Starlink 360
1 00361U 19029BR  18161.59692852  .00001103  00000-0  33518-4 0  9993
2 00361 53.00000 201.7036 0003481 299.7327 144.3331 15.05527065  1774
Starlink 361
1 00362U 19029BR  18161.59692852  .00001103  00000-0  33518-4 0  9994
2 00362 53.00000 201.7036 0003481 299.7327 158.3331 15.05527065  1770
Starlink 362
1 00363U 19029BR  18161.59692852  .00001103  00000-0  33518-4 0  9995
2 00363 53.00000 201.7036 0003481 299.7327 172.3331 15.05527065  1777
Starlink 363
1 00364U 19029BR  18161.59692852  .00001103  00000-0  33518-4 0  9996
2 00364 53.00000 201.7036 0003481 299.7327 187.3331 15.05527065  1774
Starlink 364
1 00365U 19029BR  18161.59692852  .00001103  00000-0  33518-4 0  9997
2 00365 53.00000 201.7036 0003481 299.7327 201.3331 15.05527065  1772
Starlink 365
1 00366U 19029BR  18161.59692852  .00001103  00000-0  33518-4 0  9998
2 00366 53.00000 201.7036 0003481 299.7327 216.3331 15.05527065  1779
Starlink 366
1 00367U 19029BR  18161.59692852  .00001103  00000-0  33518-4 0  9999
2 00367 53.00000 201.7036 0003481 299.7327 230.3331 15.05527065  1776
Starlink 367
1 00368U 19029BR  18161.59692852  .00001103  00000-0  33518-4 0  9990
2 00368 53.00000 201.7036 0003481 299.7327 244.3331 15.05527065  1772
Starlink 368
1 00369U 19029BR  18161.59692852  .00001103  00000-0  33518-4 0  9991
2 00369 53.00000 201.7036 0003481 299.7327 259.3331 15.05527065  1779
Starlink 369
1 00370U 19029BR  18161.59692852  .00001103  00000-0  33518-4 0  9993
2 00370 53.00000 201.7036 0003481 299.7327 273.3331 15.05527065  1777
Starlink 370
1 00371U 19029BR  18161.59692852  .00001103  00000-0  33518-4 0  9994
2 00371 53.00000 201.7036 0003481 299.7327 288.3331 15.05527065  1774
Starlink 371
1 00372U 19029BR  18161.59692852  .00001103  00000-0  33518-4 0  9995
2 00372 53.00000 201.7036 0003481 299.7327 302.3331 15.05527065  1772
Starlink 372
1 00373U 19029BR  18161.59692852  .00001103  00000-0  33518-4 0  9996
2 00373 53.00000 201.7036 0003481 299.7327 316.3331 15.05527065  1778
Starlink 373
1 00374U 19029BR  18161.59692852  .00001103  00000-0  33518-4 0  9997
2 00374 53.00000 201.7036 0003481 299.7327 331.3331 15.05527065  1776
Starlink 374
1 00375U 19029BR  18161.59692852  .00001103  00000-0  33518-4 0  9998
2 00375 53.00000 201.7036 0003481 299.7327 345.3331 15.05527065  1772
Starlink 375
1 00376U 19029BR  18161.59692852  .00001103  00000-0  33518-4 0  9999
2 00376 53.00000 216.7036 0003481 299.7327   0.3331 15.05527065  1777
Starlink 376
1 00377U 19029BR  18161.59692852  .00001103  00000-0  33518-4 0  9990
2 00377 53.00000 216.7036 0003481 299.7327  14.3331 15.05527065  1773
Starlink 377
1 00378U 19029BR  18161.59692852  .00001103  00000-0  33518-4 0  9991
2 00378 53.00000 216.7036 0003481 299.7327  28.3331 15.05527065  1779
Starlink 378
1 00379U 19029BR  18161.59692852  .00001103  00000-0  33518-4 0  9992
2 00379 53.00000 216.7036 0003481 299.7327  43.3331 15.05527065  1777
Starlink 379
1 00380U 19029BR  18161.59692852  .00001103  00000-0  33518-4 0  9994
2 00380 53.00000 216.7036 0003481 299.7327  57.3331 15.05527065  1774
Starlink 380
1 00381U 19029BR  18161.59692852  .00001103  00000-0  33518-4 0  9995
2 00381 53.00000 216.7036 0003481 299.7327  72.3331 15.05527065  1772
Starlink 381
1 00382U 19029BR  18161.59692852  .00001103  00000-0  33518-4 0  9996
2 00382 53.00000 216.7036 0003481 299.7327  86.3331 15.05527065  1778
Starlink 382
1 00383U 19029BR  18161.59692852  .00001103  00000-0  33518-4 0  9997
2 00383 53.00000 216.7036 0003481 299.7327 100.3331 15.05527065  1776
Starlink 383
1 00384U 19029BR  18161.59692852  .00001103  00000-0  33518-4 0  9998
2 00384 53.00000 216.7036 0003481 299.7327 115.3331 15.05527065  1773
Starlink 384
1 00385U 19029BR  18161.59692852  .00001103  00000-0  33518-4 0  9999
2 00385 53.00000 216.7036 0003481 299.7327 129.3331 15.05527065  1779
Starlink 385
1 00386U 19029BR  18161.59692852  .00001103  00000-0  33518-4 0  9990
2 00386 53.00000 216.7036 0003481 299.7327 144.3331 15.05527065  1777
Starlink 386
1 00387U 19029BR  18161.59692852  .00001103  00000-0  33518-4 0  9991
2 00387 53.00000 216.7036 0003481 299.7327 158.3331 15.05527065  1773
Starlink 387
1 00388U 19029BR  18161.59692852  .00001103  00000-0  33518-4 0  9992
2 00388 53.00000 216.7036 0003481 299.7327 172.3331 15.05527065  1770
Starlink 388
1 00389U 19029BR  18161.59692852  .00001103  00000-0  33518-4 0  9993
2 00389 53.00000 216.7036 0003481 299.7327 187.3331 15.05527065  1777
Starlink 389
1 00390U 19029BR  18161.59692852  .00001103  00000-0  33518-4 0  9995
2 00390 53.00000 216.7036 0003481 299.7327 201.3331 15.05527065  1776
Starlink 390
1 00391U 19029BR  18161.59692852  .00001103  00000-0  33518-4 0  9996
2 00391 53.00000 216.7036 0003481 299.7327 216.3331 15.05527065  1773
Starlink 391
1 00392U 19029BR  18161.59692852  .00001103  00000-0  33518-4 0  9997
2 00392 53.00000 216.7036 0003481 299.7327 230.3331 15.05527065  1770
Starlink 392
1 00393U 19029BR  18161.59692852  .00001103  00000-0  33518-4 0  9998
2 00393 53.00000 216.7036 0003481 299.7327 244.3331 15.05527065  1776
Starlink 393
1 00394U 19029BR  18161.59692852  .00001103  00000-0  33518-4 0  9999
2 00394 53.00000 216.7036 0003481 299.7327 259.3331 15.05527065  1773
Starlink 394
1 00395U 19029BR  18161.59692852  .00001103  00000-0  33518-4 0  9990
2 00395 53.00000 216.7036 0003481 299.7327 273.3331 15.05527065  1770
Starlink 395
1 00396U 19029BR  18161.59692852  .00001103  00000-0  33518-4 0  9991
2 00396 53.00000 216.7036 0003481 299.7327 288.3331 15.05527065  1777
Starlink 396
1 00397U 19029BR  18161.59692852  .00001103  00000-0  33518-4 0  9992
2 00397 53.00000 216.7036 0003481 299.7327 302.3331 15.05527065  1775
Starlink 397
1 00398U 19029BR  18161.59692852  .00001103  00000-0  33518-4 0  9993
2 00398 53.00000 216.7036 0003481 299.7327 316.3331 15.05527065  1771
Starlink 398
1 00399U 19029BR  18161.59692852  .00001103  00000-0  33518-4 0  9994
2 00399 53.00000 216.7036 0003481 299.7327 331.3331 15.05527065  1779
Starlink 399
1 00400U 19029BR  18161.59692852  .00001103  00000-0  33518-4 0  9997
2 00400 53.00000 216.7036 0003481 299.7327 345.3331 15.05527065  1777
Starlink 400
1 00401U 19029BR  18161.59692852  .00001103  00000-0  33518-4 0  9998
2 00401 53.00000 230.7036 0003481 299.7327   0.3331 15.05527065  1772
Starlink 401
1 00402U 19029BR  18161.59692852  .00001103  00000-0  33518-4 0  9999
2 00402 53.00000 230.7036 0003481 299.7327  14.3331 15.05527065  1778
Starlink 402
1 00403U 19029BR  18161.59692852  .00001103  00000-0  33518-4 0  9990
2 00403 53.00000 230.7036 0003481 299.7327  28.3331 15.05527065  1774
Starlink 403
1 00404U 19029BR  18161.59692852  .00001103  00000-0  33518-4 0  9991
2 00404 53.00000 230.7036 0003481 299.7327  43.3331 15.05527065  1772
Starlink 404
1 00405U 19029BR  18161.59692852  .00001103  00000-0  33518-4 0  9992
2 00405 53.00000 230.7036 0003481 299.7327  57.3331 15.05527065  1778
Starlink 405
1 00406U 19029BR  18161.59692852  .00001103  00000-0  33518-4 0  9993
2 00406 53.00000 230.7036 0003481 299.7327  72.3331 15.05527065  1776
Starlink 406
1 00407U 19029BR  18161.59692852  .00001103  00000-0  33518-4 0  9994
2 00407 53.00000 230.7036 0003481 299.7327  86.3331 15.05527065  1772
Starlink 407
1 00408U 19029BR  18161.59692852  .00001103  00000-0  33518-4 0  9995
2 00408 53.00000 230.7036 0003481 299.7327 100.3331 15.05527065  1770
Starlink 408
1 00409U 19029BR  18161.59692852  .00001103  00000-0  33518-4 0  9996
2 00409 53.00000 230.7036 0003481 299.7327 115.3331 15.05527065  1777
Starlink 409
1 00410U 19029BR  18161.59692852  .00001103  00000-0  33518-4 0  9998
2 00410 53.00000 230.7036 0003481 299.7327 129.3331 15.05527065  1774
Starlink 410
1 00411U 19029BR  18161.59692852  .00001103  00000-0  33518-4 0  9999
2 00411 53.00000 230.7036 0003481 299.7327 144.3331 15.05527065  1772
Starlink 411
1 00412U 19029BR  18161.59692852  .00001103  00000-0  33518-4 0  9990
2 00412 53.00000 230.7036 0003481 299.7327 158.3331 15.05527065  1778
Starlink 412
1 00413U 19029BR  18161.59692852  .00001103  00000-0  33518-4 0  9991
2 00413 53.00000 230.7036 0003481 299.7327 172.3331 15.05527065  1775
Starlink 413
1 00414U 19029BR  18161.59692852  .00001103  00000-0  33518-4 0  9992
2 00414 53.00000 230.7036 0003481 299.7327 187.3331 15.05527065  1772
Starlink 414
1 00415U 19029BR  18161.59692852  .00001103  00000-0  33518-4 0  9993
2 00415 53.00000 230.7036 0003481 299.7327 201.3331 15.05527065  1770
Starlink 415
1 00416U 19029BR  18161.59692852  .00001103  00000-0  33518-4 0  9994
2 00416 53.00000 230.7036 0003481 299.7327 216.3331 15.05527065  1777
Starlink 416
1 00417U 19029BR  18161.59692852  .00001103  00000-0  33518-4 0  9995
2 00417 53.00000 230.7036 0003481 299.7327 230.3331 15.05527065  1774
Starlink 417
1 00418U 19029BR  18161.59692852  .00001103  00000-0  33518-4 0  9996
2 00418 53.00000 230.7036 0003481 299.7327 244.3331 15.05527065  1770
Starlink 418
1 00419U 19029BR  18161.59692852  .00001103  00000-0  33518-4 0  9997
2 00419 53.00000 230.7036 0003481 299.7327 259.3331 15.05527065  1777
Starlink 419
1 00420U 19029BR  18161.59692852  .00001103  00000-0  33518-4 0  9999
2 00420 53.00000 230.7036 0003481 299.7327 273.3331 15.05527065  1775
Starlink 420
1 00421U 19029BR  18161.59692852  .00001103  00000-0  33518-4 0  9990
2 00421 53.00000 230.7036 0003481 299.7327 288.3331 15.05527065  1772
Starlink 421
1 00422U 19029BR  18161.59692852  .00001103  00000-0  33518-4 0  9991
2 00422 53.00000 230.7036 0003481 299.7327 302.3331 15.05527065  1770
Starlink 422
1 00423U 19029BR  18161.59692852  .00001103  00000-0  33518-4 0  9992
2 00423 53.00000 230.7036 0003481 299.7327 316.3331 15.05527065  1776
Starlink 423
1 00424U 19029BR  18161.59692852  .00001103  00000-0  33518-4 0  9993
2 00424 53.00000 230.7036 0003481 299.7327 331.3331 15.05527065  1774
Starlink 424
1 00425U 19029BR  18161.59692852  .00001103  00000-0  33518-4 0  9994
2 00425 53.00000 230.7036 0003481 299.7327 345.3331 15.05527065  1770
Starlink 425
1 00426U 19029BR  18161.59692852  .00001103  00000-0  33518-4 0  9995
2 00426 53.00000 244.7036 0003481 299.7327   0.3331 15.05527065  1774
Starlink 426
1 00427U 19029BR  18161.59692852  .00001103  00000-0  33518-4 0  9996
2 00427 53.00000 244.7036 0003481 299.7327  14.3331 15.05527065  1770
Starlink 427
1 00428U 19029BR  18161.59692852  .00001103  00000-0  33518-4 0  9997
2 00428 53.00000 244.7036 0003481 299.7327  28.3331 15.05527065  1776
Starlink 428
1 00429U 19029BR  18161.59692852  .00001103  00000-0  33518-4 0  9998
2 00429 53.00000 244.7036 0003481 299.7327  43.3331 15.05527065  1774
Starlink 429
1 00430U 19029BR  18161.59692852  .00001103  00000-0  33518-4 0  9990
2 00430 53.00000 244.7036 0003481 299.7327  57.3331 15.05527065  1771
Starlink 430
1 00431U 19029BR  18161.59692852  .00001103  00000-0  33518-4 0  9991
2 00431 53.00000 244.7036 0003481 299.7327  72.3331 15.05527065  1779
Starlink 431
1 00432U 19029BR  18161.59692852  .00001103  00000-0  33518-4 0  9992
2 00432 53.00000 244.7036 0003481 299.7327  86.3331 15.05527065  1775
Starlink 432
1 00433U 19029BR  18161.59692852  .00001103  00000-0  33518-4 0  9993
2 00433 53.00000 244.7036 0003481 299.7327 100.3331 15.05527065  1773
Starlink 433
1 00434U 19029BR  18161.59692852  .00001103  00000-0  33518-4 0  9994
2 00434 53.00000 244.7036 0003481 299.7327 115.3331 15.05527065  1770
Starlink 434
1 00435U 19029BR  18161.59692852  .00001103  00000-0  33518-4 0  9995
2 00435 53.00000 244.7036 0003481 299.7327 129.3331 15.05527065  1776
Starlink 435
1 00436U 19029BR  18161.59692852  .00001103  00000-0  33518-4 0  9996
2 00436 53.00000 244.7036 0003481 299.7327 144.3331 15.05527065  1774
Starlink 436
1 00437U 19029BR  18161.59692852  .00001103  00000-0  33518-4 0  9997
2 00437 53.00000 244.7036 0003481 299.7327 158.3331 15.05527065  1770
Starlink 437
1 00438U 19029BR  18161.59692852  .00001103  00000-0  33518-4 0  9998
2 00438 53.00000 244.7036 0003481 299.7327 172.3331 15.05527065  1777
Starlink 438
1 00439U 19029BR  18161.59692852  .00001103  00000-0  33518-4 0  9999
2 00439 53.00000 244.7036 0003481 299.7327 187.3331 15.05527065  1774
Starlink 439
1 00440U 19029BR  18161.59692852  .00001103  00000-0  33518-4 0  9991
2 00440 53.00000 244.7036 0003481 299.7327 201.3331 15.05527065  1773
Starlink 440
1 00441U 19029BR  18161.59692852  .00001103  00000-0  33518-4 0  9992
2 00441 53.00000 244.7036 0003481 299.7327 216.3331 15.05527065  1770
Starlink 441
1 00442U 19029BR  18161.59692852  .00001103  00000-0  33518-4 0  9993
2 00442 53.00000 244.7036 0003481 299.7327 230.3331 15.05527065  1777
Starlink 442
1 00443U 19029BR  18161.59692852  .00001103  00000-0  33518-4 0  9994
2 00443 53.00000 244.7036 0003481 299.7327 244.3331 15.05527065  1773
Starlink 443
1 00444U 19029BR  18161.59692852  .00001103  00000-0  33518-4 0  9995
2 00444 53.00000 244.7036 0003481 299.7327 259.3331 15.05527065  1770
Starlink 444
1 00445U 19029BR  18161.59692852  .00001103  00000-0  33518-4 0  9996
2 00445 53.00000 244.7036 0003481 299.7327 273.3331 15.05527065  1777
Starlink 445
1 00446U 19029BR  18161.59692852  .00001103  00000-0  33518-4 0  9997
2 00446 53.00000 244.7036 0003481 299.7327 288.3331 15.05527065  1774
Starlink 446
1 00447U 19029BR  18161.59692852  .00001103  00000-0  33518-4 0  9998
2 00447 53.00000 244.7036 0003481 299.7327 302.3331 15.05527065  1772
Starlink 447
1 00448U 19029BR  18161.59692852  .00001103  00000-0  33518-4 0  9999
2 00448 53.00000 244.7036 0003481 299.7327 316.3331 15.05527065  1778
Starlink 448
1 00449U 19029BR  18161.59692852  .00001103  00000-0  33518-4 0  9990
2 00449 53.00000 244.7036 0003481 299.7327 331.3331 15.05527065  1776
Starlink 449
1 00450U 19029BR  18161.59692852  .00001103  00000-0  33518-4 0  9992
2 00450 53.00000 244.7036 0003481 299.7327 345.3331 15.05527065  1773
Starlink 450
1 00451U 19029BR  18161.59692852  .00001103  00000-0  33518-4 0  9993
2 00451 53.00000 259.7036 0003481 299.7327   0.3331 15.05527065  1778
Starlink 451
1 00452U 19029BR  18161.59692852  .00001103  00000-0  33518-4 0  9994
2 00452 53.00000 259.7036 0003481 299.7327  14.3331 15.05527065  1774
Starlink 452
1 00453U 19029BR  18161.59692852  .00001103  00000-0  33518-4 0  9995
2 00453 53.00000 259.7036 0003481 299.7327  28.3331 15.05527065  1770
Starlink 453
1 00454U 19029BR  18161.59692852  .00001103  00000-0  33518-4 0  9996
2 00454 53.00000 259.7036 0003481 299.7327  43.3331 15.05527065  1778
Starlink 454
1 00455U 19029BR  18161.59692852  .00001103  00000-0  33518-4 0  9997
2 00455 53.00000 259.7036 0003481 299.7327  57.3331 15.05527065  1774
Starlink 455
1 00456U 19029BR  18161.59692852  .00001103  00000-0  33518-4 0  9998
2 00456 53.00000 259.7036 0003481 299.7327  72.3331 15.05527065  1772
Starlink 456
1 00457U 19029BR  18161.59692852  .00001103  00000-0  33518-4 0  9999
2 00457 53.00000 259.7036 0003481 299.7327  86.3331 15.05527065  1778
Starlink 457
1 00458U 19029BR  18161.59692852  .00001103  00000-0  33518-4 0  9990
2 00458 53.00000 259.7036 0003481 299.7327 100.3331 15.05527065  1776
Starlink 458
1 00459U 19029BR  18161.59692852  .00001103  00000-0  33518-4 0  9991
2 00459 53.00000 259.7036 0003481 299.7327 115.3331 15.05527065  1773
Starlink 459
1 00460U 19029BR  18161.59692852  .00001103  00000-0  33518-4 0  9993
2 00460 53.00000 259.7036 0003481 299.7327 129.3331 15.05527065  1770
Starlink 460
1 00461U 19029BR  18161.59692852  .00001103  00000-0  33518-4 0  9994
2 00461 53.00000 259.7036 0003481 299.7327 144.3331 15.05527065  1778
Starlink 461
1 00462U 19029BR  18161.59692852  .00001103  00000-0  33518-4 0  9995
2 00462 53.00000 259.7036 0003481 299.7327 158.3331 15.05527065  1774
Starlink 462
1 00463U 19029BR  18161.59692852  .00001103  00000-0  33518-4 0  9996
2 00463 53.00000 259.7036 0003481 299.7327 172.3331 15.05527065  1771
Starlink 463
1 00464U 19029BR  18161.59692852  .00001103  00000-0  33518-4 0  9997
2 00464 53.00000 259.7036 0003481 299.7327 187.3331 15.05527065  1778
Starlink 464
1 00465U 19029BR  18161.59692852  .00001103  00000-0  33518-4 0  9998
2 00465 53.00000 259.7036 0003481 299.7327 201.3331 15.05527065  1776
Starlink 465
1 00466U 19029BR  18161.59692852  .00001103  00000-0  33518-4 0  9999
2 00466 53.00000 259.7036 0003481 299.7327 216.3331 15.05527065  1773
Starlink 466
1 00467U 19029BR  18161.59692852  .00001103  00000-0  33518-4 0  9990
2 00467 53.00000 259.7036 0003481 299.7327 230.3331 15.05527065  1770
Starlink 467
1 00468U 19029BR  18161.59692852  .00001103  00000-0  33518-4 0  9991
2 00468 53.00000 259.7036 0003481 299.7327 244.3331 15.05527065  1776
Starlink 468
1 00469U 19029BR  18161.59692852  .00001103  00000-0  33518-4 0  9992
2 00469 53.00000 259.7036 0003481 299.7327 259.3331 15.05527065  1773
Starlink 469
1 00470U 19029BR  18161.59692852  .00001103  00000-0  33518-4 0  9994
2 00470 53.00000 259.7036 0003481 299.7327 273.3331 15.05527065  1771
Starlink 470
1 00471U 19029BR  18161.59692852  .00001103  00000-0  33518-4 0  9995
2 00471 53.00000 259.7036 0003481 299.7327 288.3331 15.05527065  1778
Starlink 471
1 00472U 19029BR  18161.59692852  .00001103  00000-0  33518-4 0  9996
2 00472 53.00000 259.7036 0003481 299.7327 302.3331 15.05527065  1776
Starlink 472
1 00473U 19029BR  18161.59692852  .00001103  00000-0  33518-4 0  9997
2 00473 53.00000 259.7036 0003481 299.7327 316.3331 15.05527065  1772
Starlink 473
1 00474U 19029BR  18161.59692852  .00001103  00000-0  33518-4 0  9998
2 00474 53.00000 259.7036 0003481 299.7327 331.3331 15.05527065  1770
Starlink 474
1 00475U 19029BR  18161.59692852  .00001103  00000-0  33518-4 0  9999
2 00475 53.00000 259.7036 0003481 299.7327 345.3331 15.05527065  1776
Starlink 475
1 00476U 19029BR  18161.59692852  .00001103  00000-0  33518-4 0  9990
2 00476 53.00000 273.7036 0003481 299.7327   0.3331 15.05527065  1771
Starlink 476
1 00477U 19029BR  18161.59692852  .00001103  00000-0  33518-4 0  9991
2 00477 53.00000 273.7036 0003481 299.7327  14.3331 15.05527065  1777
Starlink 477
1 00478U 19029BR  18161.59692852  .00001103  00000-0  33518-4 0  9992
2 00478 53.00000 273.7036 0003481 299.7327  28.3331 15.05527065  1773
Starlink 478
1 00479U 19029BR  18161.59692852  .00001103  00000-0  33518-4 0  9993
2 00479 53.00000 273.7036 0003481 299.7327  43.3331 15.05527065  1771
Starlink 479
1 00480U 19029BR  18161.59692852  .00001103  00000-0  33518-4 0  9995
2 00480 53.00000 273.7036 0003481 299.7327  57.3331 15.05527065  1778
Starlink 480
1 00481U 19029BR  18161.59692852  .00001103  00000-0  33518-4 0  9996
2 00481 53.00000 273.7036 0003481 299.7327  72.3331 15.05527065  1776
Starlink 481
1 00482U 19029BR  18161.59692852  .00001103  00000-0  33518-4 0  9997
2 00482 53.00000 273.7036 0003481 299.7327  86.3331 15.05527065  1772
Starlink 482
1 00483U 19029BR  18161.59692852  .00001103  00000-0  33518-4 0  9998
2 00483 53.00000 273.7036 0003481 299.7327 100.3331 15.05527065  1770
Starlink 483
1 00484U 19029BR  18161.59692852  .00001103  00000-0  33518-4 0  9999
2 00484 53.00000 273.7036 0003481 299.7327 115.3331 15.05527065  1777
Starlink 484
1 00485U 19029BR  18161.59692852  .00001103  00000-0  33518-4 0  9990
2 00485 53.00000 273.7036 0003481 299.7327 129.3331 15.05527065  1773
Starlink 485
1 00486U 19029BR  18161.59692852  .00001103  00000-0  33518-4 0  9991
2 00486 53.00000 273.7036 0003481 299.7327 144.3331 15.05527065  1771
Starlink 486
1 00487U 19029BR  18161.59692852  .00001103  00000-0  33518-4 0  9992
2 00487 53.00000 273.7036 0003481 299.7327 158.3331 15.05527065  1777
Starlink 487
1 00488U 19029BR  18161.59692852  .00001103  00000-0  33518-4 0  9993
2 00488 53.00000 273.7036 0003481 299.7327 172.3331 15.05527065  1774
Starlink 488
1 00489U 19029BR  18161.59692852  .00001103  00000-0  33518-4 0  9994
2 00489 53.00000 273.7036 0003481 299.7327 187.3331 15.05527065  1771
Starlink 489
1 00490U 19029BR  18161.59692852  .00001103  00000-0  33518-4 0  9996
2 00490 53.00000 273.7036 0003481 299.7327 201.3331 15.05527065  1770
Starlink 490
1 00491U 19029BR  18161.59692852  .00001103  00000-0  33518-4 0  9997
2 00491 53.00000 273.7036 0003481 299.7327 216.3331 15.05527065  1777
Starlink 491
1 00492U 19029BR  18161.59692852  .00001103  00000-0  33518-4 0  9998
2 00492 53.00000 273.7036 0003481 299.7327 230.3331 15.05527065  1774
Starlink 492
1 00493U 19029BR  18161.59692852  .00001103  00000-0  33518-4 0  9999
2 00493 53.00000 273.7036 0003481 299.7327 244.3331 15.05527065  1770
Starlink 493
1 00494U 19029BR  18161.59692852  .00001103  00000-0  33518-4 0  9990
2 00494 53.00000 273.7036 0003481 299.7327 259.3331 15.05527065  1777
Starlink 494
1 00495U 19029BR  18161.59692852  .00001103  00000-0  33518-4 0  9991
2 00495 53.00000 273.7036 0003481 299.7327 273.3331 15.05527065  1774
Starlink 495
1 00496U 19029BR  18161.59692852  .00001103  00000-0  33518-4 0  9992
2 00496 53.00000 273.7036 0003481 299.7327 288.3331 15.05527065  1771
Starlink 496
1 00497U 19029BR  18161.59692852  .00001103  00000-0  33518-4 0  9993
2 00497 53.00000 273.7036 0003481 299.7327 302.3331 15.05527065  1779
Starlink 497
1 00498U 19029BR  18161.59692852  .00001103  00000-0  33518-4 0  9994
2 00498 53.00000 273.7036 0003481 299.7327 316.3331 15.05527065  1775
Starlink 498
1 00499U 19029BR  18161.59692852  .00001103  00000-0  33518-4 0  9995
2 00499 53.00000 273.7036 0003481 299.7327 331.3331 15.05527065  1773
Starlink 499
1 00500U 19029BR  18161.59692852  .00001103  00000-0  33518-4 0  9998
2 00500 53.00000 273.7036 0003481 299.7327 345.3331 15.05527065  1771
Starlink 500
1 00501U 19029BR  18161.59692852  .00001103  00000-0  33518-4 0  9999
2 00501 53.00000 288.7036 0003481 299.7327   0.3331 15.05527065  1776
Starlink 501
1 00502U 19029BR  18161.59692852  .00001103  00000-0  33518-4 0  9990
2 00502 53.00000 288.7036 0003481 299.7327  14.3331 15.05527065  1772
Starlink 502
1 00503U 19029BR  18161.59692852  .00001103  00000-0  33518-4 0  9991
2 00503 53.00000 288.7036 0003481 299.7327  28.3331 15.05527065  1778
Starlink 503
1 00504U 19029BR  18161.59692852  .00001103  00000-0  33518-4 0  9992
2 00504 53.00000 288.7036 0003481 299.7327  43.3331 15.05527065  1776
Starlink 504
1 00505U 19029BR  18161.59692852  .00001103  00000-0  33518-4 0  9993
2 00505 53.00000 288.7036 0003481 299.7327  57.3331 15.05527065  1772
Starlink 505
1 00506U 19029BR  18161.59692852  .00001103  00000-0  33518-4 0  9994
2 00506 53.00000 288.7036 0003481 299.7327  72.3331 15.05527065  1770
Starlink 506
1 00507U 19029BR  18161.59692852  .00001103  00000-0  33518-4 0  9995
2 00507 53.00000 288.7036 0003481 299.7327  86.3331 15.05527065  1776
Starlink 507
1 00508U 19029BR  18161.59692852  .00001103  00000-0  33518-4 0  9996
2 00508 53.00000 288.7036 0003481 299.7327 100.3331 15.05527065  1774
Starlink 508
1 00509U 19029BR  18161.59692852  .00001103  00000-0  33518-4 0  9997
2 00509 53.00000 288.7036 0003481 299.7327 115.3331 15.05527065  1771
Starlink 509
1 00510U 19029BR  18161.59692852  .00001103  00000-0  33518-4 0  9999
2 00510 53.00000 288.7036 0003481 299.7327 129.3331 15.05527065  1778
Starlink 510
1 00511U 19029BR  18161.59692852  .00001103  00000-0  33518-4 0  9990
2 00511 53.00000 288.7036 0003481 299.7327 144.3331 15.05527065  1776
Starlink 511
1 00512U 19029BR  18161.59692852  .00001103  00000-0  33518-4 0  9991
2 00512 53.00000 288.7036 0003481 299.7327 158.3331 15.05527065  1772
Starlink 512
1 00513U 19029BR  18161.59692852  .00001103  00000-0  33518-4 0  9992
2 00513 53.00000 288.7036 0003481 299.7327 172.3331 15.05527065  1779
Starlink 513
1 00514U 19029BR  18161.59692852  .00001103  00000-0  33518-4 0  9993
2 00514 53.00000 288.7036 0003481 299.7327 187.3331 15.05527065  1776
Starlink 514
1 00515U 19029BR  18161.59692852  .00001103  00000-0  33518-4 0  9994
2 00515 53.00000 288.7036 0003481 299.7327 201.3331 15.05527065  1774
Starlink 515
1 00516U 19029BR  18161.59692852  .00001103  00000-0  33518-4 0  9995
2 00516 53.00000 288.7036 0003481 299.7327 216.3331 15.05527065  1771
Starlink 516
1 00517U 19029BR  18161.59692852  .00001103  00000-0  33518-4 0  9996
2 00517 53.00000 288.7036 0003481 299.7327 230.3331 15.05527065  1778
Starlink 517
1 00518U 19029BR  18161.59692852  .00001103  00000-0  33518-4 0  9997
2 00518 53.00000 288.7036 0003481 299.7327 244.3331 15.05527065  1774
Starlink 518
1 00519U 19029BR  18161.59692852  .00001103  00000-0  33518-4 0  9998
2 00519 53.00000 288.7036 0003481 299.7327 259.3331 15.05527065  1771
Starlink 519
1 00520U 19029BR  18161.59692852  .00001103  00000-0  33518-4 0  9990
2 00520 53.00000 288.7036 0003481 299.7327 273.3331 15.05527065  1779
Starlink 520
1 00521U 19029BR  18161.59692852  .00001103  00000-0  33518-4 0  9991
2 00521 53.00000 288.7036 0003481 299.7327 288.3331 15.05527065  1776
Starlink 521
1 00522U 19029BR  18161.59692852  .00001103  00000-0  33518-4 0  9992
2 00522 53.00000 288.7036 0003481 299.7327 302.3331 15.05527065  1774
Starlink 522
1 00523U 19029BR  18161.59692852  .00001103  00000-0  33518-4 0  9993
2 00523 53.00000 288.7036 0003481 299.7327 316.3331 15.05527065  1770
Starlink 523
1 00524U 19029BR  18161.59692852  .00001103  00000-0  33518-4 0  9994
2 00524 53.00000 288.7036 0003481 299.7327 331.3331 15.05527065  1778
Starlink 524
1 00525U 19029BR  18161.59692852  .00001103  00000-0  33518-4 0  9995
2 00525 53.00000 288.7036 0003481 299.7327 345.3331 15.05527065  1774
Starlink 525
1 00526U 19029BR  18161.59692852  .00001103  00000-0  33518-4 0  9996
2 00526 53.00000 302.7036 0003481 299.7327   0.3331 15.05527065  1770
Starlink 526
1 00527U 19029BR  18161.59692852  .00001103  00000-0  33518-4 0  9997
2 00527 53.00000 302.7036 0003481 299.7327  14.3331 15.05527065  1776
Starlink 527
1 00528U 19029BR  18161.59692852  .00001103  00000-0  33518-4 0  9998
2 00528 53.00000 302.7036 0003481 299.7327  28.3331 15.05527065  1772
Starlink 528
1 00529U 19029BR  18161.59692852  .00001103  00000-0  33518-4 0  9999
2 00529 53.00000 302.7036 0003481 299.7327  43.3331 15.05527065  1770
Starlink 529
1 00530U 19029BR  18161.59692852  .00001103  00000-0  33518-4 0  9991
2 00530 53.00000 302.7036 0003481 299.7327  57.3331 15.05527065  1777
Starlink 530
1 00531U 19029BR  18161.59692852  .00001103  00000-0  33518-4 0  9992
2 00531 53.00000 302.7036 0003481 299.7327  72.3331 15.05527065  1775
Starlink 531
1 00532U 19029BR  18161.59692852  .00001103  00000-0  33518-4 0  9993
2 00532 53.00000 302.7036 0003481 299.7327  86.3331 15.05527065  1771
Starlink 532
1 00533U 19029BR  18161.59692852  .00001103  00000-0  33518-4 0  9994
2 00533 53.00000 302.7036 0003481 299.7327 100.3331 15.05527065  1779
Starlink 533
1 00534U 19029BR  18161.59692852  .00001103  00000-0  33518-4 0  9995
2 00534 53.00000 302.7036 0003481 299.7327 115.3331 15.05527065  1776
Starlink 534
1 00535U 19029BR  18161.59692852  .00001103  00000-0  33518-4 0  9996
2 00535 53.00000 302.7036 0003481 299.7327 129.3331 15.05527065  1772
Starlink 535
1 00536U 19029BR  18161.59692852  .00001103  00000-0  33518-4 0  9997
2 00536 53.00000 302.7036 0003481 299.7327 144.3331 15.05527065  1770
Starlink 536
1 00537U 19029BR  18161.59692852  .00001103  00000-0  33518-4 0  9998
2 00537 53.00000 302.7036 0003481 299.7327 158.3331 15.05527065  1776
Starlink 537
1 00538U 19029BR  18161.59692852  .00001103  00000-0  33518-4 0  9999
2 00538 53.00000 302.7036 0003481 299.7327 172.3331 15.05527065  1773
Starlink 538
1 00539U 19029BR  18161.59692852  .00001103  00000-0  33518-4 0  9990
2 00539 53.00000 302.7036 0003481 299.7327 187.3331 15.05527065  1770
Starlink 539
1 00540U 19029BR  18161.59692852  .00001103  00000-0  33518-4 0  9992
2 00540 53.00000 302.7036 0003481 299.7327 201.3331 15.05527065  1779
Starlink 540
1 00541U 19029BR  18161.59692852  .00001103  00000-0  33518-4 0  9993
2 00541 53.00000 302.7036 0003481 299.7327 216.3331 15.05527065  1776
Starlink 541
1 00542U 19029BR  18161.59692852  .00001103  00000-0  33518-4 0  9994
2 00542 53.00000 302.7036 0003481 299.7327 230.3331 15.05527065  1773
Starlink 542
1 00543U 19029BR  18161.59692852  .00001103  00000-0  33518-4 0  9995
2 00543 53.00000 302.7036 0003481 299.7327 244.3331 15.05527065  1779
Starlink 543
1 00544U 19029BR  18161.59692852  .00001103  00000-0  33518-4 0  9996
2 00544 53.00000 302.7036 0003481 299.7327 259.3331 15.05527065  1776
Starlink 544
1 00545U 19029BR  18161.59692852  .00001103  00000-0  33518-4 0  9997
2 00545 53.00000 302.7036 0003481 299.7327 273.3331 15.05527065  1773
Starlink 545
1 00546U 19029BR  18161.59692852  .00001103  00000-0  33518-4 0  9998
2 00546 53.00000 302.7036 0003481 299.7327 288.3331 15.05527065  1770
Starlink 546
1 00547U 19029BR  18161.59692852  .00001103  00000-0  33518-4 0  9999
2 00547 53.00000 302.7036 0003481 299.7327 302.3331 15.05527065  1778
Starlink 547
1 00548U 19029BR  18161.59692852  .00001103  00000-0  33518-4 0  9990
2 00548 53.00000 302.7036 0003481 299.7327 316.3331 15.05527065  1774
Starlink 548
1 00549U 19029BR  18161.59692852  .00001103  00000-0  33518-4 0  9991
2 00549 53.00000 302.7036 0003481 299.7327 331.3331 15.05527065  1772
Starlink 549
1 00550U 19029BR  18161.59692852  .00001103  00000-0  33518-4 0  9993
2 00550 53.00000 302.7036 0003481 299.7327 345.3331 15.05527065  1779
Starlink 550
1 00551U 19029BR  18161.59692852  .00001103  00000-0  33518-4 0  9994
2 00551 53.00000 316.7036 0003481 299.7327   0.3331 15.05527065  1773
Starlink 551
1 00552U 19029BR  18161.59692852  .00001103  00000-0  33518-4 0  9995
2 00552 53.00000 316.7036 0003481 299.7327  14.3331 15.05527065  1779
Starlink 552
1 00553U 19029BR  18161.59692852  .00001103  00000-0  33518-4 0  9996
2 00553 53.00000 316.7036 0003481 299.7327  28.3331 15.05527065  1775
Starlink 553
1 00554U 19029BR  18161.59692852  .00001103  00000-0  33518-4 0  9997
2 00554 53.00000 316.7036 0003481 299.7327  43.3331 15.05527065  1773
Starlink 554
1 00555U 19029BR  18161.59692852  .00001103  00000-0  33518-4 0  9998
2 00555 53.00000 316.7036 0003481 299.7327  57.3331 15.05527065  1779
Starlink 555
1 00556U 19029BR  18161.59692852  .00001103  00000-0  33518-4 0  9999
2 00556 53.00000 316.7036 0003481 299.7327  72.3331 15.05527065  1777
Starlink 556
1 00557U 19029BR  18161.59692852  .00001103  00000-0  33518-4 0  9990
2 00557 53.00000 316.7036 0003481 299.7327  86.3331 15.05527065  1773
Starlink 557
1 00558U 19029BR  18161.59692852  .00001103  00000-0  33518-4 0  9991
2 00558 53.00000 316.7036 0003481 299.7327 100.3331 15.05527065  1771
Starlink 558
1 00559U 19029BR  18161.59692852  .00001103  00000-0  33518-4 0  9992
2 00559 53.00000 316.7036 0003481 299.7327 115.3331 15.05527065  1778
Starlink 559
1 00560U 19029BR  18161.59692852  .00001103  00000-0  33518-4 0  9994
2 00560 53.00000 316.7036 0003481 299.7327 129.3331 15.05527065  1775
Starlink 560
1 00561U 19029BR  18161.59692852  .00001103  00000-0  33518-4 0  9995
2 00561 53.00000 316.7036 0003481 299.7327 144.3331 15.05527065  1773
Starlink 561
1 00562U 19029BR  18161.59692852  .00001103  00000-0  33518-4 0  9996
2 00562 53.00000 316.7036 0003481 299.7327 158.3331 15.05527065  1779
Starlink 562
1 00563U 19029BR  18161.59692852  .00001103  00000-0  33518-4 0  9997
2 00563 53.00000 316.7036 0003481 299.7327 172.3331 15.05527065  1776
Starlink 563
1 00564U 19029BR  18161.59692852  .00001103  00000-0  33518-4 0  9998
2 00564 53.00000 316.7036 0003481 299.7327 187.3331 15.05527065  1773
Starlink 564
1 00565U 19029BR  18161.59692852  .00001103  00000-0  33518-4 0  9999
2 00565 53.00000 316.7036 0003481 299.7327 201.3331 15.05527065  1771
Starlink 565
1 00566U 19029BR  18161.59692852  .00001103  00000-0  33518-4 0  9990
2 00566 53.00000 316.7036 0003481 299.7327 216.3331 15.05527065  1778
Starlink 566
1 00567U 19029BR  18161.59692852  .00001103  00000-0  33518-4 0  9991
2 00567 53.00000 316.7036 0003481 299.7327 230.3331 15.05527065  1775
Starlink 567
1 00568U 19029BR  18161.59692852  .00001103  00000-0  33518-4 0  9992
2 00568 53.00000 316.7036 0003481 299.7327 244.3331 15.05527065  1771
Starlink 568
1 00569U 19029BR  18161.59692852  .00001103  00000-0  33518-4 0  9993
2 00569 53.00000 316.7036 0003481 299.7327 259.3331 15.05527065  1778
Starlink 569
1 00570U 19029BR  18161.59692852  .00001103  00000-0  33518-4 0  9995
2 00570 53.00000 316.7036 0003481 299.7327 273.3331 15.05527065  1776
Starlink 570
1 00571U 19029BR  18161.59692852  .00001103  00000-0  33518-4 0  9996
2 00571 53.00000 316.7036 0003481 299.7327 288.3331 15.05527065  1773
Starlink 571
1 00572U 19029BR  18161.59692852  .00001103  00000-0  33518-4 0  9997
2 00572 53.00000 316.7036 0003481 299.7327 302.3331 15.05527065  1771
Starlink 572
1 00573U 19029BR  18161.59692852  .00001103  00000-0  33518-4 0  9998
2 00573 53.00000 316.7036 0003481 299.7327 316.3331 15.05527065  1777
Starlink 573
1 00574U 19029BR  18161.59692852  .00001103  00000-0  33518-4 0  9999
2 00574 53.00000 316.7036 0003481 299.7327 331.3331 15.05527065  1775
Starlink 574
1 00575U 19029BR  18161.59692852  .00001103  00000-0  33518-4 0  9990
2 00575 53.00000 316.7036 0003481 299.7327 345.3331 15.05527065  1771
Starlink 575
1 00576U 19029BR  18161.59692852  .00001103  00000-0  33518-4 0  9991
2 00576 53.00000 331.7036 0003481 299.7327   0.3331 15.05527065  1777
Starlink 576
1 00577U 19029BR  18161.59692852  .00001103  00000-0  33518-4 0  9992
2 00577 53.00000 331.7036 0003481 299.7327  14.3331 15.05527065  1773
Starlink 577
1 00578U 19029BR  18161.59692852  .00001103  00000-0  33518-4 0  9993
2 00578 53.00000 331.7036 0003481 299.7327  28.3331 15.05527065  1779
Starlink 578
1 00579U 19029BR  18161.59692852  .00001103  00000-0  33518-4 0  9994
2 00579 53.00000 331.7036 0003481 299.7327  43.3331 15.05527065  1777
Starlink 579
1 00580U 19029BR  18161.59692852  .00001103  00000-0  33518-4 0  9996
2 00580 53.00000 331.7036 0003481 299.7327  57.3331 15.05527065  1774
Starlink 580
1 00581U 19029BR  18161.59692852  .00001103  00000-0  33518-4 0  9997
2 00581 53.00000 331.7036 0003481 299.7327  72.3331 15.05527065  1772
Starlink 581
1 00582U 19029BR  18161.59692852  .00001103  00000-0  33518-4 0  9998
2 00582 53.00000 331.7036 0003481 299.7327  86.3331 15.05527065  1778
Starlink 582
1 00583U 19029BR  18161.59692852  .00001103  00000-0  33518-4 0  9999
2 00583 53.00000 331.7036 0003481 299.7327 100.3331 15.05527065  1776
Starlink 583
1 00584U 19029BR  18161.59692852  .00001103  00000-0  33518-4 0  9990
2 00584 53.00000 331.7036 0003481 299.7327 115.3331 15.05527065  1773
Starlink 584
1 00585U 19029BR  18161.59692852  .00001103  00000-0  33518-4 0  9991
2 00585 53.00000 331.7036 0003481 299.7327 129.3331 15.05527065  1779
Starlink 585
1 00586U 19029BR  18161.59692852  .00001103  00000-0  33518-4 0  9992
2 00586 53.00000 331.7036 0003481 299.7327 144.3331 15.05527065  1777
Starlink 586
1 00587U 19029BR  18161.59692852  .00001103  00000-0  33518-4 0  9993
2 00587 53.00000 331.7036 0003481 299.7327 158.3331 15.05527065  1773
Starlink 587
1 00588U 19029BR  18161.59692852  .00001103  00000-0  33518-4 0  9994
2 00588 53.00000 331.7036 0003481 299.7327 172.3331 15.05527065  1770
Starlink 588
1 00589U 19029BR  18161.59692852  .00001103  00000-0  33518-4 0  9995
2 00589 53.00000 331.7036 0003481 299.7327 187.3331 15.05527065  1777
Starlink 589
1 00590U 19029BR  18161.59692852  .00001103  00000-0  33518-4 0  9997
2 00590 53.00000 331.7036 0003481 299.7327 201.3331 15.05527065  1776
Starlink 590
1 00591U 19029BR  18161.59692852  .00001103  00000-0  33518-4 0  9998
2 00591 53.00000 331.7036 0003481 299.7327 216.3331 15.05527065  1773
Starlink 591
1 00592U 19029BR  18161.59692852  .00001103  00000-0  33518-4 0  9999
2 00592 53.00000 331.7036 0003481 299.7327 230.3331 15.05527065  1770
Starlink 592
1 00593U 19029BR  18161.59692852  .00001103  00000-0  33518-4 0  9990
2 00593 53.00000 331.7036 0003481 299.7327 244.3331 15.05527065  1776
Starlink 593
1 00594U 19029BR  18161.59692852  .00001103  00000-0  33518-4 0  9991
2 00594 53.00000 331.7036 0003481 299.7327 259.3331 15.05527065  1773
Starlink 594
1 00595U 19029BR  18161.59692852  .00001103  00000-0  33518-4 0  9992
2 00595 53.00000 331.7036 0003481 299.7327 273.3331 15.05527065  1770
Starlink 595
1 00596U 19029BR  18161.59692852  .00001103  00000-0  33518-4 0  9993
2 00596 53.00000 331.7036 0003481 299.7327 288.3331 15.05527065  1777
Starlink 596
1 00597U 19029BR  18161.59692852  .00001103  00000-0  33518-4 0  9994
2 00597 53.00000 331.7036 0003481 299.7327 302.3331 15.05527065  1775
Starlink 597
1 00598U 19029BR  18161.59692852  .00001103  00000-0  33518-4 0  9995
2 00598 53.00000 331.7036 0003481 299.7327 316.3331 15.05527065  1771
Starlink 598
1 00599U 19029BR  18161.59692852  .00001103  00000-0  33518-4 0  9996
2 00599 53.00000 331.7036 0003481 299.7327 331.3331 15.05527065  1779
Starlink 599
1 00600U 19029BR  18161.59692852  .00001103  00000-0  33518-4 0  9999
2 00600 53.00000 331.7036 0003481 299.7327 345.3331 15.05527065  1777
Starlink 600
1 00601U 19029BR  18161.59692852  .00001103  00000-0  33518-4 0  9990
2 00601 53.00000 345.7036 0003481 299.7327   0.3331 15.05527065  1771
Starlink 601
1 00602U 19029BR  18161.59692852  .00001103  00000-0  33518-4 0  9991
2 00602 53.00000 345.7036 0003481 299.7327  14.3331 15.05527065  1777
Starlink 602
1 00603U 19029BR  18161.59692852  .00001103  00000-0  33518-4 0  9992
2 00603 53.00000 345.7036 0003481 299.7327  28.3331 15.05527065  1773
Starlink 603
1 00604U 19029BR  18161.59692852  .00001103  00000-0  33518-4 0  9993
2 00604 53.00000 345.7036 0003481 299.7327  43.3331 15.05527065  1771
Starlink 604
1 00605U 19029BR  18161.59692852  .00001103  00000-0  33518-4 0  9994
2 00605 53.00000 345.7036 0003481 299.7327  57.3331 15.05527065  1777
Starlink 605
1 00606U 19029BR  18161.59692852  .00001103  00000-0  33518-4 0  9995
2 00606 53.00000 345.7036 0003481 299.7327  72.3331 15.05527065  1775
Starlink 606
1 00607U 19029BR  18161.59692852  .00001103  00000-0  33518-4 0  9996
2 00607 53.00000 345.7036 0003481 299.7327  86.3331 15.05527065  1771
Starlink 607
1 00608U 19029BR  18161.59692852  .00001103  00000-0  33518-4 0  9997
2 00608 53.00000 345.7036 0003481 299.7327 100.3331 15.05527065  1779
Starlink 608
1 00609U 19029BR  18161.59692852  .00001103  00000-0  33518-4 0  9998
2 00609 53.00000 345.7036 0003481 299.7327 115.3331 15.05527065  1776
Starlink 609
1 00610U 19029BR  18161.59692852  .00001103  00000-0  33518-4 0  9990
2 00610 53.00000 345.7036 0003481 299.7327 129.3331 15.05527065  1773
Starlink 610
1 00611U 19029BR  18161.59692852  .00001103  00000-0  33518-4 0  9991
2 00611 53.00000 345.7036 0003481 299.7327 144.3331 15.05527065  1771
Starlink 611
1 00612U 19029BR  18161.59692852  .00001103  00000-0  33518-4 0  9992
2 00612 53.00000 345.7036 0003481 299.7327 158.3331 15.05527065  1777
Starlink 612
1 00613U 19029BR  18161.59692852  .00001103  00000-0  33518-4 0  9993
2 00613 53.00000 345.7036 0003481 299.7327 172.3331 15.05527065  1774
Starlink 613
1 00614U 19029BR  18161.59692852  .00001103  00000-0  33518-4 0  9994
2 00614 53.00000 345.7036 0003481 299.7327 187.3331 15.05527065  1771
Starlink 614
1 00615U 19029BR  18161.59692852  .00001103  00000-0  33518-4 0  9995
2 00615 53.00000 345.7036 0003481 299.7327 201.3331 15.05527065  1779
Starlink 615
1 00616U 19029BR  18161.59692852  .00001103  00000-0  33518-4 0  9996
2 00616 53.00000 345.7036 0003481 299.7327 216.3331 15.05527065  1776
Starlink 616
1 00617U 19029BR  18161.59692852  .00001103  00000-0  33518-4 0  9997
2 00617 53.00000 345.7036 0003481 299.7327 230.3331 15.05527065  1773
Starlink 617
1 00618U 19029BR  18161.59692852  .00001103  00000-0  33518-4 0  9998
2 00618 53.00000 345.7036 0003481 299.7327 244.3331 15.05527065  1779
Starlink 618
1 00619U 19029BR  18161.59692852  .00001103  00000-0  33518-4 0  9999
2 00619 53.00000 345.7036 0003481 299.7327 259.3331 15.05527065  1776
Starlink 619
1 00620U 19029BR  18161.59692852  .00001103  00000-0  33518-4 0  9991
2 00620 53.00000 345.7036 0003481 299.7327 273.3331 15.05527065  1774
Starlink 620
1 00621U 19029BR  18161.59692852  .00001103  00000-0  33518-4 0  9992
2 00621 53.00000 345.7036 0003481 299.7327 288.3331 15.05527065  1771
Starlink 621
1 00622U 19029BR  18161.59692852  .00001103  00000-0  33518-4 0  9993
2 00622 53.00000 345.7036 0003481 299.7327 302.3331 15.05527065  1779
Starlink 622
1 00623U 19029BR  18161.59692852  .00001103  00000-0  33518-4 0  9994
2 00623 53.00000 345.7036 0003481 299.7327 316.3331 15.05527065  1775
Starlink 623
1 00624U 19029BR  18161.59692852  .00001103  00000-0  33518-4 0  9995
2 00624 53.00000 345.7036 0003481 299.7327 331.3331 15.05527065  1773
Starlink 624
1 00625U 19029BR  18161.59692852  .00001103  00000-0  33518-4 0  9996
2 00625 53.00000 345.7036 0003481 299.7327 345.3331 15.05527065  17790
